-1.213794024785069884e-04
-2.427588049570140582e-04
-3.641381958150323363e-04
-4.855212981497760696e-04
-6.069343932028068486e-04
-7.283752138690275952e-04
-8.497972975396048340e-04
-9.709860266072523885e-04
-1.091225472542857629e-03
-1.208435545465591857e-03
-1.318734691140225354e-03
-1.418944525486142338e-03
-1.509259431903329715e-03
-1.592438904633300834e-03
-1.671179722253311913e-03
-1.747248978261498140e-03
-1.821719529185397615e-03
-1.895274891287292412e-03
-1.968381337928864962e-03
-2.089510732037062630e-03
-2.201282836677766284e-03
-2.306726666660731655e-03
-2.407955533525054682e-03
-2.506211355124196485e-03
-2.602306235649862014e-03
-2.696813876560973707e-03
-2.790159775911024188e-03
-2.882670145608850001e-03
-2.974601807036387699e-03
-3.066162076621546662e-03
-3.157522480436179835e-03
-3.248828250958730839e-03
-3.340204993049248998e-03
-3.431763583017090335e-03
-3.523603921598816510e-03
-3.615817859238875699e-03
-3.708491589019930444e-03
-3.801707760820535135e-03
-3.895547536490376935e-03
-3.990092725213899121e-03
-4.085427852264564459e-03
-4.181642903145768413e-03
-4.278840954638501830e-03
-4.377152570201990264e-03
-4.476757449312179088e-03
-4.577895265472870477e-03
-4.680867597781144911e-03
-4.786090072857965109e-03
-4.894022689868855226e-03
-5.005037789056030091e-03
-5.119448396682652405e-03
-5.237483591525439117e-03
-5.359238183872044002e-03
-5.484637442810028768e-03
-5.613543870806928654e-03
-5.745695371169655223e-03
-5.880710505531747470e-03
-6.018146366977185878e-03
-6.157584973504488628e-03
-6.298687242178997205e-03
-6.441180178425821336e-03
-6.584853157773283040e-03
-6.729551014401050080e-03
-6.875156650038960482e-03
-7.021566712733318463e-03
-7.168701208090570362e-03
-7.316502998017531366e-03
-7.464931221667592438e-03
-7.613963433340287766e-03
-7.763577870726506326e-03
-7.913745806809657085e-03
-8.064433364885893393e-03
-8.215619573641677956e-03
-8.367285953091092507e-03
-8.519404211410596880e-03
-8.671943521998478829e-03
-8.824873597391582822e-03
-8.978162572357870769e-03
-9.131780185681968864e-03
-9.285715452417247703e-03
-9.439977507627718076e-03
-9.594558437027660147e-03
-9.749424340334692310e-03
-9.904530324712144257e-03
-1.005986300347216922e-02
-1.021542131108501422e-02
-1.037120229506430583e-02
-1.052720166666197901e-02
-1.068343251426898816e-02
-1.083991091371513255e-02
-1.099666382228839910e-02
-1.115372703648216841e-02
-1.131112405677315094e-02
-1.146885450831988153e-02
-1.162688114535457250e-02
-1.178516185265230179e-02
-1.194367568609236950e-02
-1.210242569983009144e-02
-1.226141909191286183e-02
-1.242068354358966467e-02
