1.588271479396538566e-16
-9.422733318435738692e-16
3.891921168479826887e-13
1.038330169657929809e-07
1.763640349260287379e-06
1.673564099698084421e-05
5.626273913660020303e-05
1.412726237075325733e-04
2.893706075647057424e-04
7.785872794446256065e-04
4.373482405771071842e-03
9.207148661674467022e-03
1.151701366952221500e-02
1.238482486911344008e-02
1.277402578576874136e-02
1.283661626940041725e-02
1.254084778760701686e-02
1.192766429977494720e-02
1.110763391708919322e-02
1.079496252470946382e+00
1.359643263235629007e+00
1.492398123540775279e+00
1.577670239278987641e+00
1.640491325927653454e+00
1.689908946586926808e+00
1.730271804900665344e+00
1.764100125627021232e+00
1.793019405609260319e+00
1.818147042032016492e+00
1.840283361696309905e+00
1.860017482845248704e+00
1.877791473199199812e+00
1.893941764038446385e+00
1.908727076908906195e+00
1.922347366080591868e+00
1.934956779830519613e+00
1.946672232662826296e+00
1.957579605900576558e+00
1.967738122443009940e+00
1.977179351742189839e+00
1.985906732978694578e+00
1.993904891987692940e+00
2.001132123195417556e+00
2.007338221131021783e+00
2.012036632624971233e+00
2.014843673011336822e+00
2.015213272650543175e+00
2.013674470524728477e+00
2.012720974726356804e+00
2.013785895878792420e+00
2.017237436104952764e+00
2.023243759685988685e+00
2.032020761808529308e+00
2.042901212516686105e+00
2.056161363044525014e+00
2.071806700777982790e+00
2.089396906019358457e+00
2.107423497917935151e+00
2.124365291480017515e+00
2.139828443892585419e+00
2.153793041428485822e+00
2.166110696736122776e+00
2.177347830317928334e+00
2.187922043542225747e+00
2.197864082666984853e+00
2.207226477734434589e+00
2.216127781270194941e+00
2.224467805965899991e+00
2.232204227113882666e+00
2.239580616684950343e+00
2.246380547297158081e+00
2.252963099905126665e+00
2.259203963901520229e+00
2.264847653497730651e+00
2.269873033883387237e+00
2.274261999985915050e+00
2.278077288498852937e+00
2.281467008282705766e+00
2.284345993353267712e+00
2.286906135347631430e+00
2.289272389897715865e+00
2.291314085013143487e+00
2.293061419974757875e+00
2.294753750819947591e+00
2.296380990908879927e+00
2.297755192314900441e+00
2.298851548841715164e+00
2.300112443543403273e+00
2.301480483137981814e+00
2.302879377933865435e+00
2.304528989189750465e+00
2.306084671372786055e+00
2.307251426676667272e+00
2.307906923360564022e+00
2.307759853503081438e+00
2.306799491169813532e+00
2.304813984851182607e+00
2.301484932992523547e+00
2.297147396298284683e+00
2.292143522356585361e+00
