0.000000000000000000e+00
6.441278848288712666e+00
1.288255769657743244e+01
1.932383333736092723e+01
2.576316853322700595e+01
3.219492222408187132e+01
3.860133812962300937e+01
4.494323247903120233e+01
5.116783902150254448e+01
5.716706398868508643e+01
6.277896639775980248e+01
6.779882837412306174e+01
7.208242091202899360e+01
7.566037626704785168e+01
7.868546136320972550e+01
8.131064059195009008e+01
8.364346554568955128e+01
8.575450338591758737e+01
8.769149533350267234e+01
8.948815180520101364e+01
9.376382807775468109e+01
9.634764145173200234e+01
9.839309896468513728e+01
1.001633164839701919e+02
1.017531860778836830e+02
1.032101534386697210e+02
1.045631352494782931e+02
1.058318246887185268e+02
1.070305475254645273e+02
1.081701862996667245e+02
1.092592716181329138e+02
1.103046594772284834e+02
1.113119783013207922e+02
1.122859382963011541e+02
1.132305537924834198e+02
1.141493088622258369e+02
1.150452849461195655e+02
1.159212629519824276e+02
1.167798080082292955e+02
1.176233460903808066e+02
1.184542521354557607e+02
1.192749746170792946e+02
1.200881726889577266e+02
1.208968214862571244e+02
1.217045162477891012e+02
1.225161324894016843e+02
1.233381691646960832e+02
1.241790593377547225e+02
1.250470811790399495e+02
1.259460523935209721e+02
1.268745368353748546e+02
1.278291216572825704e+02
1.288062139333385403e+02
1.298009733001268273e+02
1.308079888184207391e+02
1.318208529152600761e+02
1.328319765193130308e+02
1.338337711167212376e+02
1.348211627735861100e+02
1.357931348420336235e+02
1.367509471833278383e+02
1.376962865098850557e+02
1.386318306868693071e+02
1.395607915448942720e+02
1.404848242874165294e+02
1.414044408755145810e+02
1.423200781508643615e+02
1.432321840303731335e+02
1.441413212265469781e+02
1.450488353071171446e+02
1.459561980406982400e+02
1.468645878033777876e+02
1.477749436750090410e+02
1.486875378724781740e+02
1.496033417745740053e+02
1.505240672039029732e+02
1.514516474332789073e+02
1.523882431906638146e+02
1.533356099193341606e+02
1.542952624565049859e+02
1.552691565477063307e+02
1.562588159022673437e+02
1.572651747046075172e+02
1.582890338264611785e+02
1.593311760700309208e+02
1.603922464025092154e+02
1.614732845556745247e+02
1.625759826604041791e+02
1.637013936189931655e+02
1.648493021700682846e+02
1.660191869242083555e+02
1.672104302124292587e+02
1.684225065596773732e+02
1.696556837846846975e+02
1.709109049038674186e+02
1.721898006186329724e+02
1.734941298297619312e+02
1.748261687404421707e+02
1.761895183890963494e+02
1.775878891119818093e+02
1.790239873300337194e+02
