5.942998147340024850e+00
1.188599629468017937e+01
1.782899129703448438e+01
2.376790239424886408e+01
2.965890285916831814e+01
3.547482054849130151e+01
4.118979287744067364e+01
4.675210632500216690e+01
5.212960290960666043e+01
5.728474228431502979e+01
6.215857270610948149e+01
7.405899757914168902e+01
7.847876295344741493e+01
8.248975008678110044e+01
8.604573922713379375e+01
8.918643303779539622e+01
9.197522675966258987e+01
9.447222252757600813e+01
9.672763622342924350e+01
9.878101368863079301e+01
1.006638272402375236e+02
1.024016632746271540e+02
1.040156747857790549e+02
1.055232135987905338e+02
1.069384656578887700e+02
1.082732239171619426e+02
1.095375060703129577e+02
1.107401737296771103e+02
1.118895938986484850e+02
1.129930628338658778e+02
1.140563773113638177e+02
1.150831488314275930e+02
1.160772247077181873e+02
1.170428851627429481e+02
1.179829100216720548e+02
1.188987440107725035e+02
1.197918798064021360e+02
1.206646553295702802e+02
1.215202242242787065e+02
1.223591539711896417e+02
1.231826340618440554e+02
1.239934530683389511e+02
1.247938154565018181e+02
1.255836685028178863e+02
1.263641350147628941e+02
1.271387423540356139e+02
1.279101130343056667e+02
1.286791206110226256e+02
1.294459452641804091e+02
1.302105956427574824e+02
1.309741602142122758e+02
1.317378553289251215e+02
1.325022184406730617e+02
1.332674129487090511e+02
1.340336011963439944e+02
1.348032331803145780e+02
1.355743807811284967e+02
1.363470485879175271e+02
1.371256014625977855e+02
1.379096444072758629e+02
1.386993433381869352e+02
1.394980084939537619e+02
1.403045295709520985e+02
1.411172873072029006e+02
1.419394107029530971e+02
1.427731393159389768e+02
1.436167524547592222e+02
1.444702359805866081e+02
1.453338927472872228e+02
1.462102736973706385e+02
1.471037445526446277e+02
1.480128674261488015e+02
1.489390029540370506e+02
1.498818178622624657e+02
1.508412383702730892e+02
1.518171739759073375e+02
1.528108856964677216e+02
1.538227993478644464e+02
1.548552049898823668e+02
1.559110790961505302e+02
1.569924119856543143e+02
1.580991581757049858e+02
1.592300883691692945e+02
1.603880973557635627e+02
1.615756624173664875e+02
1.627964406751394506e+02
1.640488126984456869e+02
1.653400640004892352e+02
1.666732675618773953e+02
1.680506731748829736e+02
1.694740283561511944e+02
1.709499988428264032e+02
1.724832992850082007e+02
1.740741266896693276e+02
1.757211057104271390e+02
1.774332261936376369e+02
1.792119425371069212e+02
1.810542902847898006e+02
1.829608092836762125e+02
1.849354112495774700e+02
