0.000000000000000000e+00
-5.565404341999805382e+00
-1.113080868399961432e+01
-1.669621302600015511e+01
-2.226158984631039672e+01
-2.782403962910650108e+01
-3.336655110150655901e+01
-3.886657588557654464e+01
-4.428681734008977600e+01
-4.959574511655234375e+01
-5.477748292259789054e+01
-5.980927131390034646e+01
-6.519293572805754877e+01
-7.014882147692225089e+01
-7.482936638795935380e+01
-7.924203622568272465e+01
-8.336009578892847571e+01
-8.715800146154603567e+01
-9.062893267314177592e+01
-9.378628525860857224e+01
-9.665643933383476849e+01
-9.927089397957203687e+01
-1.016610611806455893e+02
-1.038557049621458646e+02
-1.058800842470612196e+02
-1.077560998427903201e+02
-1.095029162055277823e+02
-1.111372245633234712e+02
-1.126731868177939901e+02
-1.141235583074769409e+02
-1.154991991538965408e+02
-1.168081044465965306e+02
-1.180572023918025337e+02
-1.192533374003010493e+02
-1.204023288467116544e+02
-1.215089801407386716e+02
-1.225778905212390697e+02
-1.236138453690458192e+02
-1.246209249569195947e+02
-1.256028435070437155e+02
-1.265636966620404849e+02
-1.275073622971148808e+02
-1.284367714429910734e+02
-1.293545997471863132e+02
-1.302629360377783030e+02
-1.311635602087478105e+02
-1.320581816938865245e+02
-1.329485892561004334e+02
-1.338359554438740133e+02
-1.347209228823093383e+02
-1.356041109121569548e+02
-1.364862713014085500e+02
-1.373682136953209465e+02
-1.382506196755308849e+02
-1.391348384899416430e+02
-1.400227868591155413e+02
-1.409156156951168555e+02
-1.418136261744454032e+02
-1.427167547050976850e+02
-1.436247852371130875e+02
-1.445377466193590976e+02
-1.454559068307167422e+02
-1.463799995763866661e+02
-1.473107744108944814e+02
-1.482486035734853260e+02
-1.491941769992105264e+02
-1.501485457081305128e+02
-1.511124752029239175e+02
-1.520865804216856247e+02
-1.530713906719919066e+02
-1.540674010764483057e+02
-1.550751113711329765e+02
-1.560950654021125956e+02
-1.571277889861798656e+02
-1.581737688715881234e+02
-1.592337838582940890e+02
-1.603089310228660338e+02
-1.614001277554964986e+02
-1.625077807987736662e+02
-1.636324015366103026e+02
-1.647748972125148441e+02
-1.659362501283430049e+02
-1.671175642427092498e+02
-1.683202527631832197e+02
-1.695461432665372286e+02
-1.707971481176894031e+02
-1.720749985151815906e+02
-1.733814748902126723e+02
-1.747186061035506555e+02
-1.760887347622069967e+02
-1.774944918682915045e+02
-1.789389679623533311e+02
-1.804259920741451424e+02
-1.819599620089572340e+02
-1.835454890002291393e+02
-1.851867444726086092e+02
-1.868865371185745801e+02
-1.886461275920154321e+02
-1.904655523548611313e+02
-1.923437412540287141e+02
-1.942789218286681603e+02
