0.000000000000000000e+00
0.000000000000000000e+00
0.000000000000000000e+00
0.000000000000000000e+00
9.161300496835539500e-11
1.101567034378935837e-08
1.081191252388768506e-07
4.179279436565391420e-07
1.176469374530987754e-06
2.617658495241896776e-06
4.895202197281614290e-06
8.240509761921534858e-06
1.167018021435791049e-05
1.720108378051168961e-05
2.486179089591725731e-05
3.503473488667645903e-05
4.823644814348760062e-05
6.487875784460262201e-05
8.512273328982246118e-05
1.088932206311621191e-04
1.359647926485268402e-04
1.660456153700531998e-04
1.988326226843391189e-04
2.340399208554115498e-04
2.714106183575164819e-04
3.107181668232829189e-04
3.517637904713327582e-04
3.943757816680858674e-04
4.384014616963722612e-04
4.837043839742712179e-04
5.301725284523211602e-04
5.777058853960726197e-04
6.262100811189220007e-04
6.756026657897350575e-04
7.258110120423462127e-04
7.767707097428929071e-04
8.284192235295031190e-04
8.807017225406188173e-04
9.335715488947674305e-04
9.869830334956388590e-04
1.040893288904545452e-03
1.095268389680312694e-03
1.150078093575788519e-03
1.205294347110293833e-03
1.260891920040207309e-03
1.316849481054280973e-03
1.373145615206325214e-03
1.429764313721118346e-03
1.486695024933985983e-03
1.543928167764347737e-03
1.601454231213214141e-03
1.659262046898474360e-03
1.717344812312896190e-03
1.775692998492974656e-03
1.834288015112568639e-03
1.893117067874853674e-03
1.952177275198778731e-03
2.011467103372398171e-03
2.070988271737720602e-03
2.130739512360144312e-03
2.190719338894607949e-03
2.250922643021296618e-03
2.311341930192025145e-03
2.371975373557769912e-03
2.432822405668633951e-03
2.493875314895962168e-03
2.555129082324897934e-03
2.616581094377395857e-03
2.678228811212255735e-03
2.740069233680709690e-03
2.802097672242246165e-03
2.864308682065715844e-03
2.926695349147019880e-03
2.989253610683302413e-03
3.051979250032940336e-03
3.114864805601641126e-03
3.177900666253288212e-03
3.241082341845930199e-03
3.304410729669216354e-03
3.367879973872387519e-03
3.431480993038632434e-03
3.495204170308087964e-03
3.559037399202001888e-03
3.622964641500543443e-03
3.686964717597723904e-03
3.751017631119319719e-03
3.815106862395979681e-03
3.879212711727681069e-03
3.943311605938977504e-03
4.007374350875549281e-03
4.071368464509865157e-03
4.135256065659207586e-03
4.198989452762488285e-03
4.262514133441106488e-03
4.325771519265516826e-03
4.388708848589169265e-03
4.451291367598590905e-03
4.513500713450688435e-03
4.575329753428274138e-03
4.636784331126682195e-03
4.697879381295256944e-03
