0.000000000000000000e+00
3.987571127933726696e-10
3.987571127933726696e-10
3.987571127933726696e-10
3.808095969618324544e-09
4.241585809843798079e-07
3.947926545027883453e-06
1.504885841979882329e-05
4.258561124883601082e-05
9.536311970292754407e-05
1.799124990731803869e-04
3.060878030794796784e-04
4.350148121402787533e-04
6.449240184535927735e-04
9.388529372447405874e-04
1.333820308577839814e-03
1.851313426178915989e-03
2.507551274294760740e-03
3.308524025528531733e-03
4.251168214635720269e-03
5.326840625600804888e-03
6.524466212868993732e-03
7.832534760247705438e-03
9.240130623683484243e-03
1.073735871996334655e-02
1.231538136507263036e-02
1.396633608124849511e-02
1.568332018035088413e-02
1.746008197702512976e-02
1.929103856163878750e-02
2.117147161296364238e-02
2.309713415237410125e-02
2.506402807212679967e-02
2.706862059555513456e-02
2.910780903592331478e-02
3.117877143687482894e-02
3.327879162025515480e-02
3.540549575940885735e-02
3.755677877197358822e-02
3.973055904087479523e-02
4.192488237478658036e-02
4.413818733746006223e-02
4.636900571807949650e-02
4.861609803498350563e-02
5.087836468485020663e-02
5.315482581095411913e-02
5.544444347603477014e-02
5.774638494687515944e-02
6.006003660560757518e-02
6.238478079982458929e-02
6.471997950515187559e-02
6.706497134078535927e-02
6.941925351773674258e-02
7.178218045650425205e-02
7.415286797271848640e-02
7.653065550086651792e-02
7.891519781379667531e-02
8.130627624103163587e-02
8.370374001359151550e-02
8.610730269233084211e-02
8.851666653334559764e-02
9.093138464899264140e-02
9.335093480043661629e-02
9.577500135265736014e-02
9.820326864967986180e-02
1.006352005400686367e-01
1.030704243575891049e-01
1.055086362470193800e-01
1.079495625063369296e-01
1.103929893383746724e-01
1.128386551415810762e-01
1.152862426582850625e-01
1.177353633428555590e-01
1.201856825215181362e-01
1.226368349590211820e-01
1.250883056592863307e-01
1.275395513133731340e-01
1.299903222457155783e-01
1.324405338594352999e-01
1.348898419343836086e-01
1.373378180767515500e-01
1.397839955339551798e-01
1.422278440008984957e-01
1.446687028433793210e-01
1.471057437351520891e-01
1.495382493299389493e-01
1.519655576537815023e-01
1.543869089796930938e-01
1.568014013888314739e-01
1.592079027075456454e-01
1.616051673165250779e-01
1.639917102451469155e-01
1.663657612958827914e-01
1.687253612782525503e-01
1.710684952559643479e-01
1.733935459346376828e-01
1.756996336424881400e-01
1.779864493503741929e-01
1.802541413422825700e-01
1.825033027412863440e-01
1.847347023229012619e-01
