6.286713607208285461e-08
1.257342721441912261e-07
1.886014082161878024e-07
2.514685442882740849e-07
3.143356803603526911e-07
3.772028202682806677e-07
4.402492104602104516e-07
5.088113094433601776e-07
6.306953318003434921e-07
1.024981922826184284e-06
2.177691645330586794e-06
4.522327841487386543e-06
8.163410626583457319e-06
1.301013736765494947e-05
1.894279153880228900e-05
2.591305177989906429e-05
3.394233862258704378e-05
4.309069693520087746e-05
4.328380503476606840e-05
5.081705074299492096e-05
6.116220716172266684e-05
7.338356930661417866e-05
8.738886727340452478e-05
1.032901521545373643e-04
1.212131847851704344e-04
1.412275773295006208e-04
1.633379440270543888e-04
1.875014972050898366e-04
2.136433196511301779e-04
2.416638886373412363e-04
2.714451156693808531e-04
3.028560983005398020e-04
3.357580228087915508e-04
3.700093949723265202e-04
4.054714749548773154e-04
4.420126129059633231e-04
4.795110092015136935e-04
5.178561091070159805e-04
5.569488449148286748e-04
5.967009461251940620e-04
6.370336917502212974e-04
6.778765132997054740e-04
7.191657591207845871e-04
7.608437448469725995e-04
8.028580751155464223e-04
8.451612006992554813e-04
8.877101476959002114e-04
9.304663157126413786e-04
9.733952750991927208e-04
1.016466475944176806e-03
1.059653085783818227e-03
1.102933080793592471e-03
1.146289818826061414e-03
1.189706569164053788e-03
1.233168829602839965e-03
1.276664040031852453e-03
1.320182207167921746e-03
1.363716349014793472e-03
1.407261725554726905e-03
1.450814177328461950e-03
1.494373263196555491e-03
1.537947201078050490e-03
1.581547106864871106e-03
1.625177918156425240e-03
1.668837607335336374e-03
1.712521100423713884e-03
1.756221303206798728e-03
1.799940732144660960e-03
1.843690091441559879e-03
1.887477409928327429e-03
1.931307191358403895e-03
1.975182643697350002e-03
2.019105678307505421e-03
2.063075238711147355e-03
2.107084555041834062e-03
2.151126627611035357e-03
2.195196579712438163e-03
2.239288849264898726e-03
2.283397473883506164e-03
2.327521268288395770e-03
2.371660883594626981e-03
2.415812760702174683e-03
2.459968357801590750e-03
2.504111074813279974e-03
2.548222363809913779e-03
2.592294102683691606e-03
2.636313857098204847e-03
2.680258324967268839e-03
2.724107998202344484e-03
2.767844607135163965e-03
2.811451879973165049e-03
2.854913867938145122e-03
2.898199486150012348e-03
2.941274435207658338e-03
2.984106538394194937e-03
3.026669638606946898e-03
3.068953881848658898e-03
3.110954049722172536e-03
3.152660938485546491e-03
3.194073146198584453e-03
