-8.321759893594599111e-17
-2.970883359199733009e-16
-5.586690506910463316e-17
3.592707186438059974e-16
6.924595987757575788e-16
-6.110698969399863678e-16
-2.964049014233692200e-10
-7.734775653458038705e-08
-1.184392161292813239e-06
-5.195768920708402662e-06
-1.691595389780455960e-05
-4.195201461379668485e-05
-7.892130912098878760e-05
-1.287537080098159010e-04
-1.930074707094518076e-04
-2.734228613506067785e-04
-3.766073958992464856e-04
-5.042225475845684259e-04
-3.284179918945966808e-02
-4.589636240086014674e-02
-5.553094585275997891e-02
-6.503363533814393582e-02
-7.510658870089179096e-02
-8.570094831647456779e-02
-9.656635192218226971e-02
-1.074909237550919772e-01
-1.183330113117674887e-01
-1.289710160609711942e-01
-1.392819099803954130e-01
-1.491530122907798184e-01
-1.584824852873369938e-01
-1.671782975441067909e-01
-1.751754539515532338e-01
-1.824489241004255136e-01
-1.890078716247224067e-01
-1.948830481199064490e-01
-2.001175803597630143e-01
-2.047610361944887658e-01
-2.088643475803071692e-01
-2.124748109669493124e-01
-2.156330208635095225e-01
-2.183732536368339916e-01
-2.207262326452001377e-01
-2.227217978966531398e-01
-2.243904092027736719e-01
-2.257637636419639049e-01
-2.268747076967727039e-01
-2.277565995358115658e-01
-2.284423958839091606e-01
-2.289624554594197336e-01
-2.293418921571433733e-01
-2.296065770016438023e-01
-2.297833573921913008e-01
-2.298834184427873129e-01
-2.299149709314777246e-01
-2.298932056222663112e-01
-2.298316221727846886e-01
-2.297374861255545020e-01
-2.296010216572618168e-01
-2.294286379925084829e-01
-2.292170338930022977e-01
-2.290352864712089376e-01
-2.288601533267090038e-01
-2.286861140264766223e-01
-2.285099096577418998e-01
-2.283379611879607085e-01
-2.281353253277919879e-01
-2.279301072542136430e-01
-2.276942463637998959e-01
-2.274199396853488209e-01
-2.271553177413536406e-01
-2.269111110795840325e-01
-2.266646026504067490e-01
-2.264036786444750537e-01
-2.261336376028927064e-01
-2.258681478898244277e-01
-2.255922769403796158e-01
-2.252817635497939563e-01
-2.249121676984628393e-01
-2.244679579964839744e-01
-2.239332384406497178e-01
-2.233283092220033073e-01
-2.226589879857810983e-01
-2.219108412090871063e-01
-2.211153380322361806e-01
-2.202703133023571902e-01
-2.193387520628693466e-01
-2.183122570878530677e-01
-2.171963751826871680e-01
-2.160183121026346964e-01
-2.147806274526097015e-01
-2.134547881980171091e-01
-2.120594104634074828e-01
-2.105998366839766101e-01
-2.090356240924670650e-01
-2.073811771331492693e-01
-2.056857660554009259e-01
-2.040015413582020876e-01
-2.023309210013710668e-01
-2.006682474005604400e-01
