-5.972615837625746181e-07
-1.194523167525222081e-06
-1.791784751287834286e-06
-2.389046335050444162e-06
-2.986307918813087496e-06
-3.583567024062747888e-06
-4.182511939734707466e-06
-4.802595057261852342e-06
-5.514478640988461946e-06
-6.381101371134858426e-06
-7.342819877524158626e-06
-8.308834385195394063e-06
-9.253639789198932496e-06
-1.024446481185270580e-05
-1.129015243037706724e-05
-1.231470971406673211e-05
-1.329327753123222782e-05
-1.426468322218975518e-05
-1.530065555895375977e-05
-1.648428509127549419e-05
-1.786090404957555564e-05
-1.942677229028613126e-05
-2.002965110809711312e-05
-2.089304486566218846e-05
-2.206931475103753162e-05
-2.340580490630717080e-05
-2.479600292802113844e-05
-2.617852644207469576e-05
-2.752349454667116636e-05
-2.882048035796434132e-05
-3.007046024386804975e-05
-3.128049281315675685e-05
-3.245963413657466039e-05
-3.361589003689442799e-05
-3.475472639611304579e-05
-3.587929272346704091e-05
-3.699166600762512669e-05
-3.809401093000991314e-05
-3.918900230857086278e-05
-4.027961241988715349e-05
-4.136870091372997070e-05
-4.245871418699953038e-05
-4.355156515691902919e-05
-4.464867055360624283e-05
-4.575109511604956100e-05
-4.685970888224005789e-05
-4.797526462701948949e-05
-4.909836288968626042e-05
-5.022934367428801933e-05
-5.136817963091515701e-05
-5.251442849572934238e-05
-5.366725660761692302e-05
-5.482551605216000692e-05
-5.598786395821510705e-05
-5.715298583835306059e-05
-5.832022857183157103e-05
-5.949006999360819395e-05
-6.065734846506236642e-05
-6.180997853845181006e-05
-6.294035702882676774e-05
-6.405512824113165817e-05
-6.515942787743445605e-05
-6.622707172543611156e-05
-6.722208723661771102e-05
-6.813111783373185552e-05
-6.896364717324310670e-05
-6.972981732480685647e-05
-7.043601080434888542e-05
-7.109533733775813297e-05
-7.172106958353161781e-05
-7.231596443646606072e-05
-7.287593832990697503e-05
-7.339772925859382212e-05
-7.388955459158975763e-05
-7.436478858388307050e-05
-7.482461006144815001e-05
-7.526045982750488388e-05
-7.566664323407347144e-05
-7.603737788228381769e-05
-7.636389745769935652e-05
-7.663928100986816213e-05
-7.685071979565730692e-05
-7.698618375013092637e-05
-7.703937712405167846e-05
-7.701838336392438666e-05
-7.694482571347806136e-05
-7.683285508135789181e-05
-7.668124279777263001e-05
-7.648705168406730564e-05
-7.625506947870078157e-05
-7.599003418478774102e-05
-7.569497223355939059e-05
-7.537074281147912024e-05
-7.501810158926723701e-05
-7.463521439762514794e-05
-7.421383674012879293e-05
-7.372265488980901801e-05
-7.312911353782593454e-05
-7.244316336839397839e-05
-7.169049618538424293e-05
