2.062017006795868745e-17
-2.004418766382576322e-17
-2.771356278144510021e-16
-1.659100374445943160e-16
1.131636017531745253e-16
-4.568648356764043461e-12
-1.028652730168991801e-08
2.255435063986516685e-07
3.585560066136114603e-06
1.286232090657972449e-05
1.528107087662490017e-05
1.346669846784872681e-05
2.254025433288188744e-05
4.657764137991896774e-05
7.982237741508422038e-05
1.153708931485339199e-04
1.491222402905285904e-04
1.773791228645658219e-04
2.000772034281318723e-04
2.138266115892479636e-04
2.134336878853091129e-04
2.009331384732415899e-04
2.543764097013016551e-03
4.129642894048875072e-03
4.814541277960911539e-03
4.950198932114906365e-03
4.780784765615920216e-03
4.470843458083074463e-03
4.127632144869589417e-03
3.817507364152272070e-03
3.570203109526152996e-03
3.382394848679272197e-03
3.232635786477712145e-03
3.098812830728566066e-03
2.968622881301353697e-03
2.841877579899673451e-03
2.725600915757237300e-03
2.626407126414491595e-03
2.546129440752028465e-03
2.482104268786851017e-03
2.429763241048229268e-03
2.384968535741244233e-03
2.345102133408084877e-03
2.309015682171755048e-03
2.276257988544594553e-03
2.246234842961439965e-03
2.217760922013201942e-03
2.189047573925410189e-03
2.157972955493953245e-03
2.122437367303989762e-03
2.080648394126484099e-03
2.031273792346093357e-03
1.973463919325780386e-03
1.907006339272928697e-03
1.833851561310778080e-03
1.760640371870768068e-03
1.672469856139176909e-03
1.535397283223081900e-03
1.357168952673443564e-03
1.199976295124571867e-03
1.039729939046921256e-03
7.129553696549782108e-04
1.630458818979289327e-04
-4.505810706472105492e-04
-9.842660723330730419e-04
-1.454250831828194463e-03
-1.878556906081426878e-03
-2.231621408870115321e-03
-2.529913652735621583e-03
-2.813441521883485938e-03
-3.077307049374115953e-03
-3.317545456720928307e-03
-3.482947708370655662e-03
-3.549332419029340834e-03
-3.601803801586947636e-03
-3.700203539323579718e-03
-3.841529327296811826e-03
-4.025686223743873797e-03
-4.235234658309952605e-03
-4.440661639542091421e-03
-4.687775219948749246e-03
-4.984342114849242208e-03
-5.283099337067769831e-03
-5.502224645329358531e-03
-5.587220705279001380e-03
-5.591596023690819164e-03
-5.606621333911607566e-03
-5.640368733507726551e-03
-5.670834361584947345e-03
-5.706061353213073492e-03
-5.741525034161205042e-03
-5.785719163569251824e-03
-5.866481346638436484e-03
-6.011946260877878111e-03
-6.217713226398056264e-03
-6.485462091914074440e-03
-6.803085032827980300e-03
-7.086021404220214231e-03
-7.317663243581611771e-03
-7.618556916948554698e-03
