-8.504847398227379784e+00
-1.700969479645474536e+01
-2.551454215050923224e+01
-3.401916742012736705e+01
-4.252158803322468827e+01
-5.100579851165122847e+01
-5.938673360601217155e+01
-6.743769646965643005e+01
-7.485171819468271792e+01
-8.136577463762648676e+01
-8.690416585169104735e+01
-9.155945108915994979e+01
-9.547799210077447185e+01
-9.881570617496926445e+01
-1.017114338826821154e+02
-1.042715718116165249e+02
-1.109581402804774655e+02
-1.144209719400384984e+02
-1.169485355754115830e+02
-1.190529163776053281e+02
-1.209064953900172981e+02
-1.225882003702322152e+02
-1.241426360023721287e+02
-1.255985593917244927e+02
-1.269761185996602109e+02
-1.282902513449863022e+02
-1.295525790494453986e+02
-1.307726154615953931e+02
-1.319584479519378988e+02
-1.331173174366271041e+02
-1.342556716714634319e+02
-1.353792470508058159e+02
-1.364958135848452514e+02
-1.376159982872109424e+02
-1.387520597632928059e+02
-1.399202052863372217e+02
-1.411429387482096445e+02
-1.424339643380374127e+02
-1.437817480192190374e+02
-1.451579692550640459e+02
-1.465405818622349159e+02
-1.479198413135166277e+02
-1.492929461163045062e+02
-1.506586078616460327e+02
-1.520180139498859262e+02
-1.533732496725789076e+02
-1.547262531789985474e+02
-1.560812270601986711e+02
-1.574431971775071872e+02
-1.588158693152593344e+02
-1.602028244285531002e+02
-1.616066712186545260e+02
-1.630296048348586737e+02
-1.644759981734642622e+02
-1.659517276925877241e+02
-1.674603401123367803e+02
-1.690018837111366850e+02
-1.705765284367500101e+02
-1.721876878595149378e+02
-1.738399091866978665e+02
-1.755368374584388391e+02
-1.772815539995725089e+02
-1.790769217627588716e+02
-1.809284351350911493e+02
-1.828450028186725547e+02
-1.848387974634807733e+02
-1.869223024509032030e+02
-1.891048203471105751e+02
-1.913951640627064705e+02
-1.938044566308525134e+02
-1.963418221703135487e+02
-1.990127168681820535e+02
-2.018223269591958626e+02
-2.047770832540520587e+02
-2.078852062490222750e+02
-2.111546042876763352e+02
-2.145927543750186430e+02
-2.182103687862002062e+02
-2.220205644988765243e+02
-2.260350336940032321e+02
-2.302616415288901806e+02
-2.347053738497975814e+02
-2.393702291565351743e+02
-2.442584315612400019e+02
-2.493673273755395599e+02
-2.546898914174241781e+02
-2.602135121440724106e+02
-2.659223360109119199e+02
-2.718008703908489565e+02
-2.778357251160141459e+02
-2.840158538851587764e+02
-2.903316861589661926e+02
-2.967732352624636292e+02
-3.033339842215687554e+02
-3.100106167012848459e+02
-3.167989625539611325e+02
-3.236921799288589341e+02
-3.306820735655776957e+02
-3.377626265270035333e+02
-3.449301602653207510e+02
