3.951643079128587852e-10
3.951643079128587852e-10
4.324108274588488750e-10
1.069840707719720798e-07
8.617896690330703434e-07
7.036167644687986011e-06
5.135504990204741815e-05
2.351567183703080191e-04
7.191672535296466523e-04
1.658312116830338266e-03
3.118103343876250932e-03
5.084122074306500136e-03
7.498638881187879787e-03
1.028310829259604028e-02
1.336167696002036991e-02
1.667402235325950860e-02
1.939133476068127804e-02
2.281551225851278716e-02
2.654303359214746014e-02
3.045062047888374632e-02
3.448526149252126999e-02
3.861764427530457039e-02
4.282880999500923019e-02
4.710531091010813215e-02
5.143705427811295916e-02
5.581615862454319260e-02
6.023629139235599228e-02
6.469232543189004647e-02
6.917991168384082790e-02
7.369518797814403333e-02
7.823473735004464469e-02
8.279469434472519485e-02
8.737017604639600588e-02
9.195542975879131276e-02
9.654390638013107817e-02
1.011299601765459910e-01
1.057137380929659282e-01
1.103052298629865063e-01
1.149204089826039443e-01
1.195692787561819515e-01
1.242538062236639290e-01
1.289719074060734771e-01
1.337211825726402625e-01
1.384981395106305857e-01
1.432993252001281692e-01
1.481219938576213979e-01
1.529633953474070773e-01
1.578207848949661762e-01
1.626918162996482120e-01
1.675736166190516518e-01
1.724634886825498481e-01
1.773594808776327025e-01
1.822590709844059409e-01
1.871587698241198028e-01
1.920563851810530576e-01
1.969514018523664534e-01
2.018430170479501573e-01
2.067290423184726944e-01
2.116065776598346770e-01
2.164730971740682353e-01
2.213264237550054969e-01
2.261641011695656178e-01
2.309824941662529385e-01
2.357767524957612160e-01
2.405398444681117187e-01
2.452628933092075580e-01
2.499385100490363054e-01
2.545612610334885839e-01
2.591240339758709155e-01
2.636203464812192365e-01
2.680463526702039911e-01
2.723993371415504572e-01
2.766754318111584454e-01
2.808699546040630546e-01
2.849773025475073607e-01
2.889927835133076495e-01
2.929077944118231303e-01
2.967105211038802426e-01
3.003925873952004166e-01
3.039466799071707248e-01
3.073658223305544279e-01
3.106440875805761004e-01
3.137763492357332762e-01
3.167601419426109288e-01
3.195959350528608245e-01
3.222879144775312454e-01
3.248435743228212935e-01
3.272720883834929761e-01
3.295825809098710812e-01
3.317833971457039843e-01
3.338816128536502004e-01
3.358834167838924967e-01
3.377941568348681867e-01
3.396160709851333559e-01
3.413507060706786889e-01
3.430011665045548663e-01
3.445727401101213450e-01
3.460701027441201449e-01
3.474961600490744651e-01
3.488527914551341480e-01
