3.951643079128587852e-10
3.951643079128587852e-10
3.951643079128587852e-10
3.951643079128587852e-10
3.951643079128587852e-10
4.267726910510746281e-10
9.270950069348008863e-08
1.306333058956853046e-06
4.885850589216255457e-06
1.172027231062664511e-05
2.274037822546432747e-05
3.932721859398824536e-05
6.428595902728839490e-05
1.023169240022121741e-04
1.602649068561958184e-04
2.460610983849255331e-04
3.405069390857718412e-04
4.830170286920824831e-04
6.682789053039434784e-04
8.961514905210502977e-04
1.166714225169791135e-03
1.479507249416615313e-03
1.833478921524928345e-03
2.227069076521832197e-03
2.658380695392333244e-03
3.125325335343030666e-03
3.625697567268580408e-03
4.157239658412545044e-03
4.717717276343836447e-03
5.304980774667207924e-03
5.917002076918718989e-03
6.551887664557477786e-03
7.207871222056842775e-03
7.883293999062238738e-03
8.576589016194118009e-03
9.286283855852011868e-03
1.001101407295689957e-02
1.074953183111266967e-02
1.150070398237185328e-02
1.226350234310077600e-02
1.303699270004548584e-02
1.382032676802707159e-02
1.461273669033275220e-02
1.541352941721330257e-02
1.622207970419747500e-02
1.703782254469345114e-02
1.786024603153699847e-02
1.868888483019108190e-02
1.952331425070006829e-02
2.036314499844517345e-02
2.120801842820131330e-02
2.205760189343046809e-02
2.291158375561940658e-02
2.376966741297318816e-02
2.463156282930019716e-02
2.549697140501891793e-02
2.636555505489112869e-02
2.723691467693633780e-02
2.811074032033461165e-02
2.898693684200472770e-02
2.986541569145935437e-02
3.074601573936896690e-02
3.162856208770169208e-02
3.251283150849784698e-02
3.339858581785096897e-02
3.428569014491036210e-02
3.517419257720262593e-02
3.606401829686375904e-02
3.695505983799857175e-02
3.784721238252006931e-02
3.874023248135938929e-02
3.963386091333557376e-02
4.052777956851558866e-02
4.142160068689126201e-02
4.231492733651820437e-02
4.320738369574914084e-02
4.409830207280032027e-02
4.498681283728307723e-02
4.587214475572067712e-02
4.675350657207353461e-02
4.763044887444724262e-02
4.850235278521414922e-02
4.936816597591621447e-02
5.022784412452945685e-02
5.108197317549649508e-02
5.193115203335324503e-02
5.277624506403446464e-02
5.361832153749151314e-02
5.445833645383138522e-02
5.529722991154619599e-02
5.613591419833641183e-02
5.697514739933531164e-02
5.781567352698307322e-02
5.865834331716502509e-02
5.950383198127408985e-02
6.035263989493441783e-02
6.120539253899696941e-02
6.206298193000332059e-02
6.292636714239081830e-02
6.379642024949365442e-02
