1.047029025523289367e-06
2.094058051046600758e-06
3.141339344560833530e-06
4.051031473582598554e-06
5.392701164459652211e-06
7.119515215743837238e-06
8.222166310957857680e-06
1.010535461342505919e-05
1.307475506780696692e-05
1.728338358452479042e-05
2.226987750755606596e-05
2.757821730198201744e-05
3.329880872887805372e-05
3.952485289983738133e-05
4.609028265597661471e-05
5.269755387583300243e-05
5.907399051769212750e-05
6.007758721285889176e-05
6.069787201221892167e-05
6.187201089246769346e-05
6.355635413812441015e-05
6.560797625342483139e-05
6.791320645466779955e-05
7.039941201413594488e-05
7.302926787135784832e-05
7.579032751143902102e-05
7.868170778046948823e-05
8.170284247422476647e-05
8.484578380167199531e-05
8.808459263992323915e-05
9.132897646637190255e-05
9.448114057163456555e-05
9.763038646802880169e-05
1.008425742387596325e-04
1.039495991567362867e-04
1.065930264740420485e-04
1.084728113929888770e-04
1.096277313631229488e-04
1.101484420117566942e-04
1.101514300814340042e-04
1.095483374895516067e-04
1.085017926342085365e-04
1.071610950410217778e-04
1.055049720239027044e-04
1.035367898429945087e-04
1.011645691025072350e-04
9.825854834429249189e-05
9.478110171542121422e-05
9.093481654186593560e-05
8.708232076434694561e-05
8.343577749175128155e-05
8.005810878119039319e-05
7.674994195908235576e-05
7.354742423470054320e-05
7.084758190340193667e-05
6.934143157935284785e-05
6.947278713981716830e-05
7.152313598784167364e-05
7.529630180869142030e-05
8.029309401346432966e-05
8.594392939856648956e-05
9.195100483697690296e-05
9.817591872715285425e-05
1.043296529599550365e-04
1.100440659195631757e-04
1.154241173836883795e-04
1.209852918496202845e-04
1.269885870565976406e-04
1.334466661327518599e-04
1.407595700501778095e-04
1.493336854510961124e-04
1.592347901001025449e-04
1.699335381150459724e-04
1.803437514810885022e-04
1.888110861707597557e-04
1.940087052603388883e-04
1.956676211820596565e-04
1.942676728428278151e-04
1.906798181327426186e-04
1.858122080884325145e-04
1.800001116232234253e-04
1.733443931730580206e-04
1.659617481817326112e-04
1.577898649139204896e-04
1.487411764176924166e-04
1.390713842221631973e-04
1.293574989535391045e-04
1.201531841023975383e-04
1.115789334838359329e-04
1.036525851759207572e-04
9.649499565622879772e-05
9.018844929101797541e-05
8.462493614044557953e-05
7.957712059857223973e-05
7.509591082607414809e-05
7.137499637139548968e-05
6.879424107097399340e-05
6.791723969898863804e-05
6.911213847323684938e-05
7.212860255512567947e-05
