-2.005570731190842171e-16
-3.752559244243891534e-16
-1.248972781209452265e-12
1.515135243379105850e-06
-9.754888153454347724e-06
-3.756939164273142119e-05
-4.594224103289870631e-06
-5.040560955860292312e-05
-1.745659754065227026e-04
-1.246022017539632782e-04
2.326029733572135619e-05
1.624397067730186991e-04
2.646765754037904632e-04
2.892585253848591271e-04
2.295332253048996008e-04
1.608190557888808186e-04
1.325845641022977404e-04
2.446285781204400513e-03
2.813941928305043003e-04
-2.126906042648727020e-03
-4.033808841878957011e-03
-5.437164645615388814e-03
-6.495593490166659892e-03
-7.408357841116817652e-03
-8.334728702763305463e-03
-9.326742886986772937e-03
-1.034434133801245999e-02
-1.130872732501574801e-02
-1.212368138904073613e-02
-1.259976803061252197e-02
-1.261260532016450497e-02
-1.253782514912854529e-02
-1.263267139474935456e-02
-1.244501448704756104e-02
-1.117323862049464551e-02
-8.535269268219569661e-03
-5.287242829585827274e-03
-2.041784864418456566e-03
8.858374967057682002e-04
3.792939967671935149e-03
6.376487072553688011e-03
8.335083857513190739e-03
9.960505272653453340e-03
1.165307094385672516e-02
1.367427039260122115e-02
1.604511926104172995e-02
1.856151586934881581e-02
2.064201120518784419e-02
2.143299340068397299e-02
2.097098829007519594e-02
1.976597930374711376e-02
1.894141365845665101e-02
1.810859192810073195e-02
1.585001090560070672e-02
1.077090818495186030e-02
3.375894581861715003e-03
-5.700097530526927400e-03
-1.444940879578331117e-02
-2.125332426215978052e-02
-2.551375665944154159e-02
-2.805326896077770318e-02
-2.954999788044404899e-02
-2.973998153461440003e-02
-2.831107738755919007e-02
-2.692639833429177551e-02
-2.756857067809935155e-02
-2.960863289744689042e-02
-3.198578979774481523e-02
-3.625169937942022969e-02
-4.282043928530471916e-02
-5.025510403313399044e-02
-5.496666832209412545e-02
-5.345747157209382316e-02
-4.265659120340455773e-02
-2.390969640890980644e-02
-2.581906509505167355e-03
1.682241407999062952e-02
3.134776803950455049e-02
4.057264413846460582e-02
4.732944793228423958e-02
5.331031474686937638e-02
5.900263595158690422e-02
6.556800337131307721e-02
7.285207701664467295e-02
7.866145950608662007e-02
8.067330815045810344e-02
7.879259812121569562e-02
7.552708751994917369e-02
7.184460579311663375e-02
6.717929303072957270e-02
6.176865982039265318e-02
5.703859915206480058e-02
5.362169862981235047e-02
5.016047226701928624e-02
4.571057373907464610e-02
3.900636549721411828e-02
2.870882398706858796e-02
1.573887311908095388e-02
4.050265493245332540e-03
-4.509720744678830801e-03
