-6.055576552459632111e+00
-1.211115310491926245e+01
-1.816672965737897272e+01
-2.422221338186386674e+01
-3.026394774577241975e+01
-3.621879308073180681e+01
-4.201622509636298020e+01
-4.759382492440450108e+01
-5.290073144896926038e+01
-5.789870296595423582e+01
-6.252787638427747652e+01
-6.672534717300457885e+01
-7.045646995574695381e+01
-7.372746928059336824e+01
-7.658183649652625036e+01
-7.908215208770160132e+01
-8.129209202330955009e+01
-8.601952368212378985e+01
-8.505430483764615701e+01
-8.964116585182232200e+01
-9.184059209940755863e+01
-9.349273699414121097e+01
-9.493388449863596179e+01
-9.625512632618830366e+01
-9.749146236375079866e+01
-9.866131768308376593e+01
-9.977702117135288518e+01
-1.008479474989819806e+02
-1.018821235124489704e+02
-1.028874082408251951e+02
-1.038698587502401978e+02
-1.048339665113986570e+02
-1.057835992576549700e+02
-1.067218826806434322e+02
-1.076497130984053712e+02
-1.085692809410187323e+02
-1.094830825674684718e+02
-1.103940136577027573e+02
-1.113067083220530975e+02
-1.122254177286664714e+02
-1.131510665620506728e+02
-1.140839797724819107e+02
-1.150259513243030511e+02
-1.159785070985424937e+02
-1.169420652206005542e+02
-1.179166300976121704e+02
-1.189033147571523443e+02
-1.199041462142863281e+02
-1.209221642541880897e+02
-1.219598652252578148e+02
-1.230196770231253822e+02
-1.241045391044052906e+02
-1.252172400629880542e+02
-1.263606024992983379e+02
-1.275377868186927230e+02
-1.287508145340443946e+02
-1.300004425881289762e+02
-1.312878577426628510e+02
-1.326148143234873089e+02
-1.339829899435557650e+02
-1.353951281087840357e+02
-1.368552762055396954e+02
-1.383674719795854458e+02
-1.399361937546236732e+02
-1.415643608474983068e+02
-1.432543977674146447e+02
-1.450111644121185748e+02
-1.468425354472093147e+02
-1.487572965470115491e+02
-1.507633932814010791e+02
-1.528688830722933858e+02
-1.550819811564242627e+02
-1.574089310561670629e+02
-1.598523663517672730e+02
-1.624111552695500222e+02
-1.650810304294272157e+02
-1.678572886778299846e+02
-1.707351043153755086e+02
-1.737088214854381647e+02
-1.767730309547081049e+02
-1.799228743587754877e+02
-1.831523420263088155e+02
-1.864553506332891288e+02
-1.898279793126018262e+02
-1.932679900448978856e+02
-1.967735134174022562e+02
-2.003435562148993654e+02
-2.039780252567140337e+02
-2.076769707918157621e+02
-2.114400591667021274e+02
-2.152665145519476653e+02
-2.191547056361028751e+02
-2.231016097097729016e+02
-2.271048073753815686e+02
-2.311631633871471934e+02
-2.352766102770671921e+02
-2.394454869443116536e+02
-2.436681681611625550e+02
-2.479422639671160198e+02
-2.522659434139821713e+02
