-3.851492692483193814e-16
-4.901271445992283482e-17
1.961321730026277521e-16
2.199155582044789482e-09
-4.631961981609337628e-07
7.226199439150837647e-06
3.228283712718347750e-05
6.340287488363388255e-05
2.078118794789313520e-04
4.324436729688740065e-04
6.746895623845515976e-04
-8.564523416354954954e-02
-1.382941326360481726e-01
-1.917845874801220318e-01
-2.549557149230805564e-01
-3.311275460033978879e-01
-4.176314355430462699e-01
-5.081106397774342032e-01
-5.966228811751129735e-01
-6.794754190315414055e-01
-7.550507304156969246e-01
-8.230852734332246845e-01
-8.840034782274760472e-01
-9.384984027714146082e-01
-9.872928797126098166e-01
-1.031045236640548923e+00
-1.070425667832617833e+00
-1.105991299859719224e+00
-1.138192731952471171e+00
-1.167604963876979651e+00
-1.194557605145803780e+00
-1.219220569345034644e+00
-1.241858072380944034e+00
-1.262673987132049813e+00
-1.281833760854957482e+00
-1.299382757733921201e+00
-1.315498987473656678e+00
-1.330380201399016915e+00
-1.344071267149770543e+00
-1.356635076990119870e+00
-1.368212775112436663e+00
-1.378844100641588799e+00
-1.388640638462070198e+00
-1.397788158021140648e+00
-1.406346753350268930e+00
-1.414230996403517793e+00
-1.421656633906115852e+00
-1.428940328519041181e+00
-1.436086755696713624e+00
-1.442971989392753285e+00
-1.449548240686644007e+00
-1.455987980773959078e+00
-1.462230891727805515e+00
-1.467967360743222205e+00
-1.473350438178434585e+00
-1.478716387381348918e+00
-1.484226066096330010e+00
-1.489969188421295554e+00
-1.495795886936496455e+00
-1.501706790368900091e+00
-1.507632218837498206e+00
-1.513476998017649899e+00
-1.519302594011906038e+00
-1.525054283558629153e+00
-1.530463219088024518e+00
-1.535514801434411325e+00
-1.540302743723466428e+00
-1.544932517738629496e+00
-1.549473782521993748e+00
-1.553948338754052472e+00
-1.558348204209459187e+00
-1.562585148107630495e+00
-1.566675720212734157e+00
-1.570578186113321006e+00
-1.574158039567089551e+00
-1.577356497337001562e+00
-1.580315607922033516e+00
-1.583234618952002126e+00
-1.586034525859793209e+00
-1.588715129926958847e+00
-1.591261824234190270e+00
-1.593558825915402988e+00
-1.595542793188952313e+00
-1.597155213926287232e+00
-1.598444215452225592e+00
-1.599437026259865391e+00
-1.600005133219479125e+00
-1.600041533310725406e+00
-1.599402838019214457e+00
-1.597984666982865676e+00
-1.595559776080619940e+00
-1.591819228255084706e+00
-1.586588986504372079e+00
-1.579765413184066380e+00
-1.571455392134751827e+00
-1.562099657431010646e+00
-1.552156895173269380e+00
-1.541961162653114448e+00
-1.531898309248610035e+00
-1.522287294052915962e+00
