0.000000000000000000e+00
-5.000000000000000104e-04
-1.000000000000000021e-03
-1.500000000000000031e-03
-2.000000000000000042e-03
-2.500000000000000052e-03
-3.000000000000000062e-03
-3.500000000000000073e-03
-4.000000000000000083e-03
-4.499999999999999660e-03
-4.999999999999999237e-03
-5.499999999999998813e-03
-5.999999999999998390e-03
-6.499999999999997967e-03
-6.999999999999998411e-03
-7.499999999999998855e-03
-8.000000000000000167e-03
-8.500000000000000611e-03
-9.000000000000001055e-03
-9.500000000000001499e-03
-1.000000000000000194e-02
-1.050000000000000239e-02
-1.100000000000000283e-02
-1.150000000000000328e-02
-1.200000000000000372e-02
-1.250000000000000243e-02
-1.300000000000000287e-02
-1.350000000000000332e-02
-1.400000000000000376e-02
-1.450000000000000420e-02
-1.500000000000000465e-02
-1.550000000000000509e-02
-1.600000000000000727e-02
-1.650000000000000772e-02
-1.700000000000000816e-02
-1.750000000000000860e-02
-1.800000000000000905e-02
-1.850000000000000949e-02
-1.900000000000000994e-02
-1.950000000000001038e-02
-2.000000000000001082e-02
-2.050000000000001127e-02
-2.100000000000001171e-02
-2.150000000000001216e-02
-2.200000000000001260e-02
-2.250000000000001305e-02
-2.300000000000001349e-02
-2.350000000000001393e-02
-2.400000000000001438e-02
-2.450000000000001482e-02
-2.500000000000001180e-02
-2.550000000000001224e-02
-2.600000000000001268e-02
-2.650000000000001313e-02
-2.700000000000001357e-02
-2.750000000000001402e-02
-2.800000000000001446e-02
-2.850000000000001490e-02
-2.900000000000001535e-02
-2.950000000000001579e-02
-3.000000000000001624e-02
-3.050000000000001668e-02
-3.100000000000001713e-02
-3.150000000000001410e-02
-3.200000000000001454e-02
-3.250000000000001499e-02
-3.300000000000001543e-02
-3.350000000000001588e-02
-3.400000000000001632e-02
-3.450000000000001676e-02
-3.500000000000001721e-02
-3.550000000000001765e-02
-3.600000000000001810e-02
-3.650000000000001854e-02
-3.700000000000001898e-02
-3.750000000000001943e-02
-3.800000000000001987e-02
-3.850000000000002032e-02
-3.900000000000002076e-02
-3.950000000000002121e-02
-4.000000000000002165e-02
-4.050000000000002209e-02
-4.100000000000002254e-02
-4.150000000000002298e-02
-4.200000000000002343e-02
-4.250000000000002387e-02
-4.300000000000002431e-02
-4.350000000000002476e-02
-4.400000000000002520e-02
-4.450000000000002565e-02
-4.500000000000002609e-02
-4.550000000000002653e-02
-4.600000000000002698e-02
-4.650000000000002742e-02
-4.700000000000002787e-02
-4.750000000000002831e-02
-4.800000000000002875e-02
-4.850000000000002920e-02
-4.900000000000002964e-02
-4.950000000000003009e-02
-4.999999999999999584e-02
