0.000000000000000000e+00
-7.440299367112426232e+00
-1.488059873422486312e+01
-2.232089568526306778e+01
-2.975959111717715899e+01
-3.716589367122931264e+01
-4.446859388131215240e+01
-5.160169273147128877e+01
-5.893300938692099322e+01
-6.578916081672643656e+01
-7.204836604310688131e+01
-7.748496690929167130e+01
-8.207127941126520909e+01
-8.594171058615697234e+01
-8.925189286139412559e+01
-9.212647735515183456e+01
-9.465694676241790262e+01
-9.691124082922873129e+01
-9.894157194722990312e+01
-1.007888896405608676e+02
-1.024856608001971523e+02
-1.040580612415681543e+02
-1.055278666694908765e+02
-1.069144276333023811e+02
-1.082348113055094103e+02
-1.094999620941012779e+02
-1.107181903044665603e+02
-1.118965819454593884e+02
-1.130396870526239468e+02
-1.141525014987930575e+02
-1.152378287003354416e+02
-1.162994824247533927e+02
-1.173422877962020721e+02
-1.183708646688328656e+02
-1.193889211742657324e+02
-1.203997890132054494e+02
-1.214066151741676691e+02
-1.224124690892686687e+02
-1.234187421814318668e+02
-1.244266211238688982e+02
-1.254380615188683379e+02
-1.264560296173546163e+02
-1.274833898500217515e+02
-1.285233237029993631e+02
-1.295792966432662752e+02
-1.306546009808451174e+02
-1.317521738535986344e+02
-1.328765141514534776e+02
-1.340337954886903731e+02
-1.352308426420081844e+02
-1.364740246856847534e+02
-1.377696155535545586e+02
-1.391240586360192992e+02
-1.405432586340527621e+02
-1.420330811154167066e+02
-1.436014027826487620e+02
-1.452590592526178170e+02
-1.470183044716011125e+02
-1.488886695397655444e+02
-1.508739740641985634e+02
-1.529748494640417675e+02
-1.551891691128872424e+02
-1.575126203360030672e+02
-1.599397914682101884e+02
-1.624657644325798742e+02
-1.650855363136406595e+02
-1.677950702899388205e+02
-1.705923775627628345e+02
-1.734763808440370667e+02
-1.764450765501713079e+02
-1.794944282577906449e+02
-1.826200196473458561e+02
-1.858178157635574337e+02
-1.890846275588215519e+02
-1.924172577348950028e+02
-1.958134093290940427e+02
-1.992728656653571306e+02
-2.027970303146153128e+02
-2.063883274263889405e+02
-2.100484019941975475e+02
-2.137781617487526944e+02
-2.175788589259169328e+02
-2.214533415309429074e+02
-2.254057834760345145e+02
-2.294407260134456124e+02
-2.335635843241875307e+02
-2.377800158838944640e+02
-2.420973196533737166e+02
-2.465259243205894961e+02
-2.510795538972245424e+02
-2.557732329070191213e+02
-2.606201664471492450e+02
-2.656278421012861486e+02
-2.707956537676800508e+02
-2.761174424379559014e+02
-2.815863198306944355e+02
-2.871956005786288983e+02
-2.929379143041168732e+02
-2.988055130444876681e+02
-3.047922094539695763e+02
-3.108913461242383391e+02
