0.000000000000000000e+00
0.000000000000000000e+00
0.000000000000000000e+00
3.277676204036307985e-11
5.490120874806845810e-09
1.787062803110967212e-07
1.124612558464271912e-06
3.561681614119511835e-06
7.598140974177257653e-06
1.706178201214735772e-05
3.605155181312346535e-05
6.669251053376508897e-05
1.080897456082542977e-04
1.584455740674573941e-04
2.162055588249567350e-04
2.802574488210536835e-04
3.497889738869877294e-04
4.241380287045938883e-04
5.027256928811800387e-04
5.850400344765512755e-04
6.706330052968552001e-04
7.591155288858992536e-04
8.501504373175205586e-04
9.434392048104499762e-04
1.038732024633039859e-03
1.135816805781565816e-03
1.234512292547442110e-03
1.334682023536230703e-03
1.436192692489921072e-03
1.538939090910946324e-03
1.642820842254119444e-03
1.747742078896482058e-03
1.853621005806510178e-03
1.960398016414064901e-03
2.068029981272511905e-03
2.176464565713536262e-03
2.285646975208540776e-03
2.395544755674604374e-03
2.506134620505190772e-03
2.617390747812181791e-03
2.729288793724431086e-03
2.841799302102501323e-03
2.954890962530478879e-03
3.068527412525536013e-03
3.182671439337155395e-03
3.297305863625781507e-03
3.412408274617144584e-03
3.527938180108088594e-03
3.643849762331126396e-03
3.760110144528938398e-03
3.876701613185873797e-03
3.993602807349949657e-03
4.110795558343238384e-03
4.228271636880842795e-03
4.346006631632682270e-03
4.463945149761367782e-03
4.581990542412210828e-03
4.700059359270326517e-03
4.818174489285667259e-03
4.936412927476704210e-03
5.054861375598941609e-03
5.173591295086155117e-03
5.292676598238382074e-03
5.412145921183819479e-03
5.531999080234595995e-03
5.652220667254051825e-03
5.772736063978500115e-03
5.893417453425425431e-03
6.014135399523877837e-03
6.134780603714961970e-03
6.255254898593538143e-03
6.375455821532894155e-03
6.495288018957469378e-03
6.614671389943561734e-03
6.733508533672601798e-03
6.851696984205343094e-03
6.969122424547624824e-03
7.085634985991060876e-03
7.201088856802513073e-03
7.315359902558518819e-03
7.428350944244736451e-03
7.539949489465573758e-03
7.650011632640193668e-03
7.758377638429756439e-03
7.864862382820343376e-03
7.969264185791495245e-03
8.071401828181954188e-03
8.171061223777708465e-03
8.267941369452636025e-03
8.361622008133321252e-03
8.451607096894029128e-03
8.537475186825786710e-03
8.618980972295084766e-03
8.696095493445148497e-03
8.768956664549115015e-03
8.837738904423813116e-03
8.902570019713028360e-03
8.963567012028487990e-03
9.020895287099883059e-03
9.074663479137635991e-03
9.124924266183814109e-03
