0.000000000000000000e+00
3.987571127933726696e-10
3.987571127933726696e-10
1.629691780751770954e-09
3.926138906221777239e-07
9.710893184620198696e-06
5.045255781474282592e-05
1.494868875537270179e-04
3.107131767295922284e-04
6.973364064005658754e-04
1.484543926919618378e-03
2.749150773248970180e-03
4.443694137162778300e-03
6.488696293567861387e-03
8.816411190815569635e-03
1.137747170452853111e-02
1.413559651289205202e-02
1.706217296479279819e-02
2.013348187960023461e-02
2.332956231592247728e-02
2.663357630488196945e-02
3.003129780397910745e-02
3.351068192867354828e-02
3.706123717888500785e-02
4.067467308493914052e-02
4.434409661660550228e-02
4.806391484073374576e-02
5.183025566827625247e-02
5.563897249680259394e-02
5.948696328325576987e-02
6.337103704599685028e-02
6.728785104704718134e-02
7.123440187935418944e-02
7.520843469218768673e-02
7.920798136777909559e-02
8.323081561862975819e-02
8.727465446923900194e-02
9.133822430000868020e-02
9.542037691218105411e-02
9.951977308330610394e-02
1.036346657259156617e-01
1.077633978295648581e-01
1.119040754579463531e-01
1.160545563664849150e-01
1.202125703672174001e-01
1.243764114084885269e-01
1.285438908995261975e-01
1.327121780479159074e-01
1.368778465418858115e-01
1.410377020948445914e-01
1.451887039443056915e-01
1.493273918096874320e-01
1.534504690979825725e-01
1.575551289167424207e-01
1.616379353722439127e-01
1.656941804076275115e-01
1.697174155556026021e-01
1.737016444659510161e-01
1.776454731300303735e-01
1.815499169161411130e-01
1.854172274290142863e-01
1.892502554144067095e-01
1.930523288601986576e-01
1.968259669069306605e-01
2.005735278260230847e-01
2.042973953973556966e-01
2.079979511390059599e-01
2.116741198382704470e-01
2.153248539041532905e-01
2.189505254738760565e-01
2.225514141864345929e-01
2.261277401857237079e-01
2.296800424734207202e-01
2.332084950967572012e-01
2.367130935790030810e-01
2.401927624360518376e-01
2.436458658378939657e-01
2.470692494534171557e-01
2.504599983314787504e-01
2.538155247300563078e-01
2.571336693736793189e-01
2.604115195235209290e-01
2.636454958116630221e-01
2.668309670464295014e-01
2.699627711983115796e-01
2.730349056889309622e-01
2.760415405583203086e-01
2.789758235841618417e-01
2.818274659726760500e-01
2.845826341910854262e-01
2.872258980827415709e-01
2.897458025886084365e-01
2.921370221680427703e-01
2.944005738770053004e-01
2.965418689516390871e-01
2.985663950297466340e-01
3.004782152974331266e-01
3.022817067302451255e-01
3.039816602018732827e-01
3.055819904618554683e-01
3.070885368285882766e-01
