0.000000000000000000e+00
-8.505905439024012082e+00
-1.701181087804802416e+01
-2.551771600524941164e+01
-3.402285999059468224e+01
-4.252495945116115905e+01
-5.101222473445551486e+01
-5.940262195974523962e+01
-6.746726451219961973e+01
-7.488431030534937349e+01
-8.138314597455750743e+01
-8.689505582095875980e+01
-9.151920300824582455e+01
-9.540587353511284618e+01
-9.871493991402016377e+01
-1.015865100753917858e+02
-1.041259501894398198e+02
-1.108224099235114011e+02
-1.142935625577949850e+02
-1.168278845438343012e+02
-1.189370032665129457e+02
-1.207935091269408332e+02
-1.224767704795649905e+02
-1.240318305424139567e+02
-1.254878346651333914e+02
-1.268652959836050940e+02
-1.281795853608094262e+02
-1.294429286213649277e+02
-1.306653379468580169e+02
-1.318547352599569535e+02
-1.330181094922583043e+02
-1.341626122569668382e+02
-1.352956057850736897e+02
-1.364267180885579194e+02
-1.375694977517665620e+02
-1.387424172346755427e+02
-1.399653957212042030e+02
-1.412486245278891204e+02
-1.425869363037565449e+02
-1.439636951745426359e+02
-1.453581802387943753e+02
-1.467541495793720117e+02
-1.481432359738012394e+02
-1.495228874173945712e+02
-1.508928607197607050e+02
-1.522554667640299897e+02
-1.536134976848947815e+02
-1.549691577201033965e+02
-1.563237759778669158e+02
-1.576784300996402521e+02
-1.590353101836787175e+02
-1.603991307700064795e+02
-1.617749588339898423e+02
-1.631668207744667143e+02
-1.645796187656599443e+02
-1.660190593992100503e+02
-1.674881345500912460e+02
-1.689881379676332074e+02
-1.705224507719455858e+02
-1.720956321527312127e+02
-1.737119054444619621e+02
-1.753744830166210420e+02
-1.770858399448442242e+02
-1.788501266887878103e+02
-1.806735309180573097e+02
-1.825644328986138873e+02
-1.845344635804698044e+02
-1.865963996575833619e+02
-1.887606661331172120e+02
-1.910365087131554560e+02
-1.934335232068034429e+02
-1.959588931194984127e+02
-1.986165962468370765e+02
-2.014110082683986889e+02
-2.043483883571379351e+02
-2.074352946846649672e+02
-2.106774128750749924e+02
-2.140840404626125917e+02
-2.176719357436166149e+02
-2.214545806554866090e+02
-2.254391555281430897e+02
-2.296334803680080370e+02
-2.340450009283967745e+02
-2.386791961855675765e+02
-2.435383193022526882e+02
-2.486212633960122389e+02
-2.539222912926917957e+02
-2.594307994384706149e+02
-2.651323475575970861e+02
-2.710116722088454821e+02
-2.770545633009280095e+02
-2.832476959266395511e+02
-2.895786961231727901e+02
-2.960376499774743593e+02
-3.026183789851862116e+02
-3.093164445315816806e+02
-3.161263719982769658e+02
-3.230403696672909746e+02
-3.300503751350480570e+02
-3.371506384547161019e+02
-3.443375922339526483e+02
