1.811968920137266403e+00
3.623937840274534583e+00
5.435906760411752359e+00
7.247875680549070054e+00
9.059844600686306038e+00
1.087181337381434254e+01
1.268336482477680782e+01
1.448994047344433866e+01
1.628653080154695232e+01
1.807047615253489070e+01
1.983951450322360088e+01
2.159063557052918370e+01
2.331748959908798824e+01
2.500977397205960884e+01
2.665326006722395036e+01
2.823256555456858052e+01
2.989855952772357384e+01
3.139640983298587429e+01
3.279079988259195488e+01
3.409500672316681857e+01
3.531417227555804317e+01
3.645251671097706492e+01
3.751463193828075759e+01
3.850555818203860525e+01
3.943055248440310123e+01
4.029490131016235921e+01
4.110382338005796754e+01
4.186235613398979893e+01
4.257523057642244879e+01
4.324679289755682277e+01
4.388097955408854745e+01
4.448133998690305901e+01
4.505108717144315733e+01
4.559314916861526967e+01
4.611020030990383134e+01
4.660466455300909416e+01
4.707871605725708264e+01
4.753429452539668887e+01
4.797313152150415760e+01
4.839677865824606329e+01
4.880662989691799680e+01
4.920393704269444157e+01
4.958982271199973013e+01
4.996529437109779792e+01
5.033125894934823918e+01
5.068853593767819632e+01
5.103786867105323921e+01
5.137993473855345172e+01
5.171535587339883477e+01
5.204470709457008581e+01
5.236852524597039604e+01
5.268731753079126179e+01
5.300157095065581103e+01
5.331176432286623879e+01
5.361838657764747751e+01
5.392197054083241881e+01
5.422316384385877797e+01
5.452282652124338114e+01
5.482188981567351505e+01
5.512086705976291512e+01
5.541981629749862748e+01
5.571888250917197638e+01
5.601842076249369740e+01
5.631890360219128411e+01
5.662093603677346465e+01
5.692509125603574915e+01
5.723148527784228179e+01
5.753986199911353339e+01
5.785021881815254119e+01
5.816255981664477304e+01
5.847708529289484858e+01
5.879430730259780091e+01
5.911493726594763132e+01
5.943996780773980504e+01
5.977048643566459418e+01
6.010751103770434156e+01
6.045254360884190703e+01
6.080787696004437493e+01
6.117579064279093615e+01
6.155837185036418191e+01
6.195724588488996432e+01
6.237405921815614107e+01
6.281137047473827550e+01
6.327055852139388037e+01
6.375135604695686453e+01
6.425303652724016956e+01
6.477444756117681379e+01
6.531400765342134207e+01
6.587025673102137091e+01
6.644184340003373279e+01
6.702744193757571622e+01
6.762597509253569683e+01
6.823661044572715184e+01
6.885840457039824969e+01
6.949056882697820470e+01
7.013274544364271890e+01
7.078452035982533630e+01
7.144496665977851535e+01
7.211285441090137738e+01
7.278716968779976071e+01
