0.000000000000000000e+00
7.440299367112426232e+00
1.488059873422486845e+01
2.232075700385758665e+01
2.974384655956710333e+01
3.708826961215356022e+01
4.427439389614669807e+01
5.112008519255519445e+01
5.830721746018095786e+01
6.437564971547622861e+01
6.941020040887731568e+01
7.360713039754091369e+01
7.718422234025055673e+01
8.030012367659963957e+01
8.305394489071989028e+01
8.550698214835043132e+01
8.770334190693516518e+01
8.968030476792009154e+01
9.147106465912392537e+01
9.310487735279825472e+01
9.460684475247705905e+01
9.599794386336471064e+01
9.729543681053533533e+01
9.851350051921740203e+01
9.966413691390009433e+01
1.007578114350057774e+02
1.018036208336025794e+02
1.028099866375526261e+02
1.037826432507361858e+02
1.047260243180139412e+02
1.056454599387082993e+02
1.065449804044460507e+02
1.074273850210963133e+02
1.082951758916809695e+02
1.091521151254230375e+02
1.100001308284912938e+02
1.108398219362745181e+02
1.116725910152212151e+02
1.125007705786258327e+02
1.133274208753822165e+02
1.141551116291748826e+02
1.149879324671074272e+02
1.158294295808004932e+02
1.166808020603251634e+02
1.175435055187870148e+02
1.184206127651684142e+02
1.193146606006347525e+02
1.202293267581952847e+02
1.211697185208153655e+02
1.221427545746325194e+02
1.231563275549331138e+02
1.242194003381050749e+02
1.253402357991344047e+02
1.265264110133381479e+02
1.277839231818411889e+02
1.291186246986105743e+02
1.305428475851582277e+02
1.320737067301657532e+02
1.337212206759526794e+02
1.354863807971768495e+02
1.373723371286070289e+02
1.393887293271325802e+02
1.415452935464807354e+02
1.438459467371381777e+02
1.462844113535302029e+02
1.488503082141628795e+02
1.515343586646694973e+02
1.543278237254223200e+02
1.572247928154846477e+02
1.602214600771272899e+02
1.633100458709198222e+02
1.664792216016165867e+02
1.697195716504569702e+02
1.730236169046538635e+02
1.763834293379922542e+02
1.797924382167688293e+02
1.832469552227755685e+02
1.867453382180886194e+02
1.902862508006435007e+02
1.938672533519379613e+02
1.974883590662615518e+02
2.011513756400867976e+02
2.048585439468044171e+02
2.086129371882686598e+02
2.124182037971784212e+02
2.162767522805712304e+02
2.201922424511526515e+02
2.241689052546218477e+02
2.282101147465059796e+02
2.323198120848305166e+02
2.365042952106019243e+02
2.407702125196592533e+02
2.451241916570481010e+02
2.495732664808416814e+02
2.541254477079424134e+02
2.587883404530213056e+02
2.635686484723040621e+02
2.684729565848464858e+02
2.735072289452505743e+02
2.786758115651522303e+02
2.839807607534325484e+02
