0.000000000000000000e+00
0.000000000000000000e+00
0.000000000000000000e+00
5.811412373316910820e-10
6.994786696505219420e-08
5.401060732388914873e-07
2.040035564501131159e-06
6.179176381778079212e-06
1.546694732142035123e-05
3.552728117046812081e-05
6.534586858854254043e-05
1.027025291838636875e-04
1.457678497951424193e-04
1.934209903308583092e-04
2.451143269905355039e-04
3.005799304808992362e-04
3.596000012151736995e-04
4.219235209461787107e-04
4.872574819809694048e-04
5.552833466237415937e-04
6.256806418532354780e-04
6.981478268448549360e-04
7.724156219072223720e-04
8.482501585213056113e-04
9.254528661974749685e-04
1.003859759587621492e-03
1.083326343990774357e-03
1.163735979344121150e-03
1.244994914783111809e-03
1.327012857902333401e-03
1.409711448085503287e-03
1.493032810228646584e-03
1.576929803696921649e-03
1.661349782608344348e-03
1.746249391280651391e-03
1.831597216998462081e-03
1.917367596483265458e-03
2.003536276051815293e-03
2.090077642520035521e-03
2.176962823461760319e-03
2.264159592863059390e-03
2.351639789704920800e-03
2.439391171369648028e-03
2.527402390299914557e-03
2.615639396645717037e-03
2.704079206089652146e-03
2.792696332839046149e-03
2.881453077115634157e-03
2.970310799519434910e-03
3.059230883693224087e-03
3.148164602999132134e-03
3.237069458351336023e-03
3.325913743680220056e-03
3.414690656054833028e-03
3.503410330120618112e-03
3.592018040882325944e-03
3.680378660113204758e-03
3.768411758537853345e-03
3.856155471577220415e-03
3.943649007743707177e-03
4.030816356251451515e-03
4.117573499877191963e-03
4.203862771040845804e-03
4.289724017437264274e-03
4.375272036055420297e-03
4.460639205269438350e-03
4.545953920185919796e-03
4.631324739805639523e-03
4.716803876603992834e-03
4.802430665511323894e-03
4.888267847214026324e-03
4.974382626729738702e-03
5.060801717677424622e-03
5.147558304920969545e-03
5.234685866924910537e-03
5.322182262969128198e-03
5.410010646556537295e-03
5.498128311816890580e-03
5.586495638362443984e-03
5.675042858014731247e-03
5.763670583421971576e-03
5.852275363151844198e-03
5.940744559584178013e-03
6.028943975005376064e-03
6.116734367883417713e-03
6.203976295169128657e-03
6.290534353856172198e-03
6.376287001203023372e-03
6.461120117723265915e-03
6.544885824398885381e-03
6.627413740041316823e-03
6.708507953904342506e-03
6.787953052965070913e-03
6.865536018930714843e-03
6.941044644950619333e-03
7.014258147875125117e-03
7.084971610415830533e-03
7.152998117976892833e-03
7.218173945056306252e-03
7.280366309091108531e-03
7.339508286636403644e-03
