0.000000000000000000e+00
3.987571127933726696e-10
3.987571127933726696e-10
3.081759903583035357e-08
3.843584069953589322e-06
2.716850476419842416e-05
9.744175613132650114e-05
2.913780758649206428e-04
7.171547530912374948e-04
1.611964849367044815e-03
2.921614085484466623e-03
4.551976936508944291e-03
6.428633150599849001e-03
8.506871019006861240e-03
1.076423336629644609e-02
1.318775917575398977e-02
1.576548385156721979e-02
1.848419216922650432e-02
2.132977084156475675e-02
2.428816866398248592e-02
2.734615001789832828e-02
3.049170244889221060e-02
3.371420751057763870e-02
3.700436279608818740e-02
4.035418875566280927e-02
4.375701718156499442e-02
4.720681303900781806e-02
5.069876476405849042e-02
5.422893360458230089e-02
5.779326478719512550e-02
6.138844303229465393e-02
6.501198227150167819e-02
6.866174860664012169e-02
7.233511848503119956e-02
7.602997403111658170e-02
7.974478054957176432e-02
8.347807253738194488e-02
8.722840414228003048e-02
9.099419056661661731e-02
9.477396892402520368e-02
9.856600489459699244e-02
1.023687142527451993e-01
1.061811467505339029e-01
1.100022975695084532e-01
1.138304555691397740e-01
1.176642815878087556e-01
1.215021735454851898e-01
1.253419530789595671e-01
1.291811155740559824e-01
1.330171483382194542e-01
1.368468127146426905e-01
1.406669256536480783e-01
1.444746808563906748e-01
1.482681948844880027e-01
1.520462426102786591e-01
1.558045189246716755e-01
1.595354626584223889e-01
1.632347999179321052e-01
1.669037169256051001e-01
1.705423949266897943e-01
1.741463968855133937e-01
1.777116453260846884e-01
1.812352247237705161e-01
1.847184554006167378e-01
1.881656356550708842e-01
1.915815282296477462e-01
1.949713244501481701e-01
1.983387098533881399e-01
2.016856506624382095e-01
2.050150395880654952e-01
2.083308427519320605e-01
2.116361507628628791e-01
2.149328882768388460e-01
2.182232335849643989e-01
2.215094320645085990e-01
2.247925083304985194e-01
2.280726493127864796e-01
2.313496439021086593e-01
2.346234053879447667e-01
2.378923956210937940e-01
2.411544136230982516e-01
2.444071152260266222e-01
2.476475301422916553e-01
2.508715670893467142e-01
2.540753094178209714e-01
2.572547426826107264e-01
2.604059473536965985e-01
2.635253274758880271e-01
2.666093703853893992e-01
2.696532784634890767e-01
2.726513911257335554e-01
2.755970022108867323e-01
2.784826888788223820e-01
2.813010218339467294e-01
2.840442262323759626e-01
2.867038406628353853e-01
2.892720000999373653e-01
2.917421582025643279e-01
2.941080871944021236e-01
2.963651307381871547e-01
2.985113501508726008e-01
