9.119208017850867876e+00
1.823841603570174996e+01
2.735762343922132800e+01
3.647678115579033431e+01
4.559556024908224714e+01
5.470191135052211706e+01
6.368363470376717572e+01
7.224692511002382389e+01
7.995938576054587088e+01
8.642920148691855786e+01
9.164108839934635853e+01
9.588192605143936476e+01
1.037049496535087769e+02
1.025454027510647990e+02
1.100450319887250856e+02
1.137337097005309801e+02
1.164128965301839713e+02
1.186583113830203615e+02
1.206441408810414089e+02
1.224461687143457027e+02
1.241070511659620479e+02
1.256546844292774239e+02
1.271089975272507786e+02
1.284849359919180358e+02
1.297940881741408248e+02
1.310457211240643574e+02
1.322474054338468648e+02
1.334053765408537231e+02
1.345248324806806579e+02
1.356102001449852423e+02
1.366652717256871767e+02
1.376934211654927935e+02
1.386976488471347295e+02
1.396806057959374812e+02
1.406446979352093365e+02
1.415921162648614597e+02
1.425247867269411586e+02
1.434445739809239626e+02
1.443533642800763346e+02
1.452528570899908971e+02
1.461447125103418898e+02
1.470304735998124670e+02
1.479114633785291346e+02
1.487894966667630285e+02
1.496668612021680929e+02
1.505461701259192182e+02
1.514297849385492611e+02
1.523201928207071774e+02
1.532206889363789060e+02
1.541353827133984851e+02
1.550700503213220713e+02
1.560304030122048289e+02
1.570206375438021666e+02
1.580446797682299120e+02
1.591074182213324377e+02
1.602134770402165032e+02
1.613674061167280058e+02
1.625731084320625826e+02
1.638330357275438587e+02
1.651483687672120482e+02
1.665201777424155694e+02
1.679512444732816050e+02
1.694445564252575309e+02
1.710033032399344393e+02
1.726296012946944245e+02
1.743245173990038666e+02
1.760900583612186381e+02
1.779281183041476595e+02
1.798412218631953010e+02
1.818327390612678585e+02
1.839059221754876887e+02
1.860656235588809295e+02
1.883193375559669391e+02
1.906735102971368292e+02
1.931359737435854242e+02
1.957156454735200555e+02
1.984195926143483462e+02
2.012539655660658013e+02
2.042264002607518876e+02
2.073438477432472951e+02
2.106133795839909908e+02
2.140438261929632802e+02
2.176461811773721990e+02
2.214311703522720620e+02
2.254062685515630449e+02
2.295770779442250102e+02
2.339500250986865240e+02
2.385289471742630951e+02
2.433137452006039041e+02
2.483002792511286430e+02
2.534836932096829969e+02
2.588579858040583872e+02
2.644159770341985336e+02
2.701528459352207960e+02
2.760660840598814048e+02
2.821534511545046371e+02
2.884139763897337048e+02
2.948480332599808662e+02
3.014551163644716780e+02
3.082324642977632152e+02
