0.000000000000000000e+00
-1.171939088030293785e+00
-2.343878176060588903e+00
-3.515817264090873362e+00
-4.687756349787029819e+00
-5.859695384175277688e+00
-7.031634205479940114e+00
-8.203571852427611333e+00
-9.375504384444841577e+00
-1.054740634156638812e+01
-1.171921432155664178e+01
-1.289048454734661497e+01
-1.405830040494861066e+01
-1.522057468851328288e+01
-1.635266592279556974e+01
-1.742786385403113769e+01
-1.841928057512095762e+01
-1.931164813036998851e+01
-2.010334109876258069e+01
-2.080243019066904253e+01
-2.142142642227020843e+01
-2.197344992034553002e+01
-2.247028154190378402e+01
-2.292172686349064392e+01
-2.333566057968891272e+01
-2.371832834035779314e+01
-2.407468334936379151e+01
-2.440867412429340177e+01
-2.472346724411348973e+01
-2.502162665387977825e+01
-2.530525487869742562e+01
-2.557609415484188986e+01
-2.583560366565441058e+01
-2.608501695300417467e+01
-2.632538563045162761e+01
-2.655761359707992497e+01
-2.678248070423999039e+01
-2.700065969202063343e+01
-2.721274039576858428e+01
-2.741924626669239018e+01
-2.762063644146085650e+01
-2.781731641237713148e+01
-2.800965072839367309e+01
-2.819796774207566870e+01
-2.838256314596630148e+01
-2.856370578635256408e+01
-2.874164108624955460e+01
-2.891659415126477128e+01
-2.908877337062182988e+01
-2.925837450764252523e+01
-2.942558087196938388e+01
-2.959056268636279086e+01
-2.975348079675474722e+01
-2.991448965413820105e+01
-3.007373541891477942e+01
-3.023135879057365472e+01
-3.038749856044493214e+01
-3.054229168624464918e+01
-3.069587432699356455e+01
-3.084838423912389516e+01
-3.099995489944843996e+01
-3.115072081864167686e+01
-3.130082280170088893e+01
-3.145041009276736688e+01
-3.159964231844849536e+01
-3.174868652383567991e+01
-3.189772008278021431e+01
-3.204694278128596352e+01
-3.219657790612257742e+01
-3.234688105848705675e+01
-3.249816179010971950e+01
-3.265079097460112223e+01
-3.280516655633994816e+01
-3.296170315189010580e+01
-3.312086247321254007e+01
-3.328316436032960723e+01
-3.344923814683052399e+01
-3.361981863799279324e+01
-3.379566088704184068e+01
-3.397744532590856181e+01
-3.416578651450105752e+01
-3.436130636538904781e+01
-3.456451704069946373e+01
-3.477569985228863914e+01
-3.499498358787934649e+01
-3.522251404650415196e+01
-3.545843214492678186e+01
-3.570275039416563345e+01
-3.595536390287288953e+01
-3.621618679208515346e+01
-3.648516532035926474e+01
-3.676221846116096970e+01
-3.704728389516905906e+01
-3.734035514783631271e+01
-3.764145341832936964e+01
-3.795053272638099173e+01
-3.826749573061880483e+01
-3.859224315172640729e+01
-3.892468627251783175e+01
-3.926468917706139194e+01
-3.961204622770235062e+01
