0.000000000000000000e+00
1.000410585369075046e-10
1.000410585369075046e-10
1.000410585369075046e-10
1.003290647035387406e-10
1.070791138228177052e-10
1.487795765755351221e-10
4.062951917577898314e-10
1.840397067261220450e-09
1.099180853824357919e-08
4.650515743702144016e-08
2.604434968800176253e-07
1.732546016959422136e-06
8.592573259800558993e-06
3.094663389197205977e-05
8.219391199278867867e-05
1.735201846861804983e-04
3.101865692821379242e-04
4.917155244533838150e-04
7.140722392403682419e-04
9.718375150432989433e-04
1.259581194173621695e-03
1.572502132839122442e-03
1.906609773276523624e-03
2.258674660259901452e-03
2.626098551271346601e-03
3.006784680179019637e-03
3.399033371914763398e-03
3.801458046826450450e-03
4.212916366024342489e-03
4.632456902816097129e-03
5.059277910085452357e-03
5.492696868128091152e-03
5.932128087087798832e-03
6.377065616602734487e-03
6.827070025745618498e-03
7.281760435014569474e-03
7.740803286818382506e-03
8.203902434089587956e-03
8.670797026008685709e-03
9.141257753759986573e-03
9.615080097757335020e-03
1.009208083708671745e-02
1.057209684039227271e-02
1.105498183584826405e-02
1.154060369730285085e-02
1.202884253262823978e-02
1.251958889599661187e-02
1.301274155052185334e-02
1.350820647519410632e-02
1.400589740568682941e-02
1.450573403770639112e-02
1.500763933868674328e-02
1.551154088529585126e-02
1.601736979323255261e-02
1.652505850674884647e-02
1.703453931824794668e-02
1.754574564287120567e-02
1.805861037766212304e-02
1.857306817101421134e-02
1.908905325937431535e-02
1.960649886409012582e-02
2.012533585706271014e-02
2.064549210757839898e-02
2.116689388946758552e-02
2.168946759316066342e-02
2.221313427321301714e-02
2.273780744937320408e-02
2.326339800059337368e-02
2.378980426411237206e-02
2.431690592774483906e-02
2.484456380994048280e-02
2.537265233102804426e-02
2.590103079223281604e-02
2.642954100878882814e-02
2.695801432513508095e-02
2.748623352196768663e-02
2.801396463293766986e-02
2.854099781224057886e-02
2.906717339417836873e-02
2.959234733258070058e-02
3.011636822668097013e-02
3.063916957190194329e-02
3.116078340793588045e-02
3.168125145295076078e-02
3.220057474627221333e-02
3.271878462526595782e-02
3.323597308885424539e-02
3.375226375372574611e-02
3.426774818715382087e-02
3.478250756086532364e-02
3.529663036713550500e-02
3.581018100182592478e-02
3.632319384196404377e-02
3.683570462224013825e-02
3.734779664747044786e-02
3.785955576814632739e-02
3.837105003560992156e-02
3.888233274100350717e-02
3.939348813198300520e-02
3.990462665912788282e-02
