-6.046124922966473747e+00
-1.209224984593294216e+01
-1.813837476889925426e+01
-2.418440800118528955e+01
-3.021687577478354925e+01
-3.616244442511238333e+01
-4.194726401760030399e+01
-4.750667597840765666e+01
-5.279409841969741279e+01
-5.777218435802242880e+01
-6.238303508291765809e+01
-6.656555348911751935e+01
-7.028408869293129158e+01
-7.354409212542267937e+01
-7.638923766392335324e+01
-7.888216399565092729e+01
-8.108629034169827321e+01
-8.581537648181729594e+01
-8.484121013794411681e+01
-8.943126418515930709e+01
-9.163283273634273485e+01
-9.328578803795838326e+01
-9.472697962242276049e+01
-9.604790620232250831e+01
-9.728381188828518589e+01
-9.845323384840430947e+01
-9.956854252808187766e+01
-1.006391120295939743e+02
-1.016728956636056012e+02
-1.026778737325794140e+02
-1.036600867722489312e+02
-1.046240284752847600e+02
-1.055735534827172728e+02
-1.065118524967804490e+02
-1.074400107830606572e+02
-1.083601725823313728e+02
-1.092747521559412576e+02
-1.101865999082104821e+02
-1.111000161083064057e+02
-1.120190791206640171e+02
-1.129445944347444595e+02
-1.138767436321098359e+02
-1.148177407572320590e+02
-1.157695245988074504e+02
-1.167328994858577005e+02
-1.177079742792732588e+02
-1.186965302397788093e+02
-1.197009552753545449e+02
-1.207249909710722591e+02
-1.217718629481043848e+02
-1.228438984355118180e+02
-1.239426000405637467e+02
-1.250691863626031761e+02
-1.262253422955489697e+02
-1.274140353114165976e+02
-1.286370011463953631e+02
-1.298947837380393366e+02
-1.311880263752435951e+02
-1.325178277346284403e+02
-1.338862261803324998e+02
-1.352964892260881413e+02
-1.367525741478680459e+02
-1.382588105781550212e+02
-1.398196369213436867e+02
-1.414383040792421014e+02
-1.431180968964014539e+02
-1.448641941069455470e+02
-1.466840157335973629e+02
-1.485864789791132523e+02
-1.505812240127375787e+02
-1.526785475938116008e+02
-1.548872593250171406e+02
-1.572131353551530140e+02
-1.596583365551372253e+02
-1.622208349669829204e+02
-1.648961465977517094e+02
-1.676795379549315612e+02
-1.705660252145424636e+02
-1.735500467808391534e+02
-1.766252076027234921e+02
-1.797852378336779964e+02
-1.830238687070437607e+02
-1.863351971893082464e+02
-1.897150320157741987e+02
-1.931608721441965315e+02
-1.966711177222031210e+02
-2.002453436399656255e+02
-2.038838179599178488e+02
-2.075868915969996920e+02
-2.113546840311432220e+02
-2.151861120798662341e+02
-2.190785390097980496e+02
-2.230286043870104322e+02
-2.270343948561507545e+02
-2.310952911447330393e+02
-2.352106269970383892e+02
-2.393796121742244054e+02
-2.436007867811842686e+02
-2.478723593341724722e+02
-2.521929235831839549e+02
