0.000000000000000000e+00
-1.758923724526307186e+00
-3.517847447334741418e+00
-5.276771003770381441e+00
-7.035694405454515632e+00
-8.794616564753113153e+00
-1.055352976442319957e+01
-1.231239211659729271e+01
-1.407001090690130773e+01
-1.581171686182412728e+01
-1.747614543522479025e+01
-1.896137122013771759e+01
-2.020499590403275292e+01
-2.122381816148734401e+01
-2.206927403729056536e+01
-2.353097681930942642e+01
-2.340989693667703975e+01
-2.480921916756100387e+01
-2.559869392424774048e+01
-2.618382703960228852e+01
-2.666996372376191005e+01
-2.709605898889850195e+01
-2.748072648021767961e+01
-2.783450631037389300e+01
-2.816409149019576574e+01
-2.847408050037348204e+01
-2.876781764906606753e+01
-2.904784480970225857e+01
-2.931615806232800381e+01
-2.957435943347153184e+01
-2.982376533360964999e+01
-3.006548069510868615e+01
-3.030044522204759261e+01
-3.052947270116100498e+01
-3.075328099025641748e+01
-3.097250498059208113e+01
-3.118770285394303698e+01
-3.139937616981677593e+01
-3.160799403669736307e+01
-3.181400297687433465e+01
-3.201782911543435972e+01
-3.221987842548892189e+01
-3.242054865117655282e+01
-3.262024524714661311e+01
-3.281941003847383342e+01
-3.301853442979543019e+01
-3.321819290005603165e+01
-3.341909924145477362e+01
-3.362217389223445707e+01
-3.382861260238681211e+01
-3.403972324205652455e+01
-3.425660257700347699e+01
-3.448014683321791551e+01
-3.471123938608393189e+01
-3.495072093751385012e+01
-3.519877472142016472e+01
-3.545502438724010830e+01
-3.571895837917431038e+01
-3.598990913745486608e+01
-3.626708082902155894e+01
-3.654978558929172294e+01
-3.683755384938405086e+01
-3.712994020770350545e+01
-3.742654450833329349e+01
-3.772691930743866351e+01
-3.803060134570928597e+01
-3.833721194407893762e+01
-3.864651742156168979e+01
-3.895842002166075702e+01
-3.927290468603918328e+01
-3.958995670486393692e+01
-3.990960390493044940e+01
-4.023199772601942925e+01
-4.055745087631770929e+01
-4.088649651075071034e+01
-4.121982242921138351e+01
-4.155816983710811030e+01
-4.190239001415996967e+01
-4.225330599219540773e+01
-4.261165031129336711e+01
-4.297816052858686930e+01
-4.335355655350872439e+01
-4.373867969984310378e+01
-4.413473176315207525e+01
-4.454319938170052495e+01
-4.496561918893469567e+01
-4.540364757661787110e+01
-4.585906567719271010e+01
-4.633387953335459741e+01
-4.683063176027309282e+01
-4.735242995263782007e+01
-4.790299990101096483e+01
-4.848652395612145227e+01
-4.910697466402028510e+01
-4.976834952352758279e+01
-5.047491030757470298e+01
-5.123054448658370319e+01
-5.203818865658720938e+01
-5.289966373066887684e+01
-5.381579563195793980e+01
-5.478685692372042837e+01
