0.000000000000000000e+00
1.000410585369075046e-10
1.002149556935632134e-10
1.175145479426700294e-10
1.513039001107646664e-10
5.365721526645242206e-10
3.905432980912835438e-09
2.723299124721834820e-08
6.458529787581987052e-07
9.696114813716183784e-06
6.243313540732251085e-05
2.213727701605472690e-04
5.284342228389297524e-04
9.784469448213656793e-04
1.543434853933270444e-03
2.006587232190625014e-03
2.917297466018494746e-03
3.489048497987275784e-03
4.236246008864867976e-03
5.063526526689989850e-03
5.938791664821188240e-03
6.847673172281202626e-03
7.782314021578679193e-03
8.737784278780226510e-03
9.710688921789426345e-03
1.069853539842210641e-02
1.169940592600759652e-02
1.271177307793276354e-02
1.373439083003541450e-02
1.476622227675783786e-02
1.580638722953479902e-02
1.685412920235046519e-02
1.790879219805291064e-02
1.896979789034535999e-02
2.003663435714967897e-02
2.110885023180045228e-02
2.218604559444419672e-02
2.326784942493328665e-02
2.435392005616796723e-02
2.544394262154566280e-02
2.653762883942518622e-02
2.763471305096368291e-02
2.873494213386210833e-02
2.983806122641376873e-02
3.094381063067487905e-02
3.205191484995382339e-02
3.316206464332622367e-02
3.427390719728933000e-02
3.538704395597874752e-02
3.650095157164707366e-02
3.761522075099219681e-02
3.872957161352841293e-02
3.984388077658095051e-02
4.095801658048210669e-02
4.207226700641859829e-02
4.318721609360378494e-02
4.430334482680017838e-02
4.542106766702921211e-02
4.654086251656064377e-02
4.766330268952016086e-02
4.878873806294588278e-02
4.991749917205540871e-02
5.104978240173267678e-02
5.218580285345573999e-02
5.332576586438027288e-02
5.446977489944734852e-02
5.561779524658788665e-02
5.676969636252120893e-02
5.792526193875502383e-02
5.908423825180105643e-02
6.024638683492393454e-02
6.141141633638089875e-02
6.257899536270812579e-02
6.374865891281002173e-02
6.491979243772830199e-02
6.609171555770480821e-02
6.726374611008620330e-02
6.843520280764717190e-02
6.960543678194308637e-02
7.077372948711498080e-02
7.193934348013282520e-02
7.310154052473687158e-02
7.425938083134807355e-02
7.541165579060252200e-02
7.655711515132847256e-02
7.769451879981424669e-02
7.882239962461909388e-02
7.993904063614959421e-02
8.104246113885058000e-02
8.213033452299496606e-02
8.319990101078166000e-02
8.424767685236936310e-02
8.527002979456928256e-02
8.626350801669215029e-02
8.722458677333118360e-02
8.814938445256946531e-02
8.903454395748826300e-02
8.987749997128215151e-02
9.067637065529868257e-02
9.143000140174070700e-02
9.213788299321828967e-02
