1.178271946269035657e-07
2.356543892537079756e-07
3.534815838687848438e-07
4.713014993828832209e-07
5.887539491465150006e-07
7.265462404505541591e-07
1.008563583081538674e-06
1.158051048547226125e-06
1.038136957437019426e-06
6.179300464485108110e-07
6.952277683981395408e-07
7.688062547722941255e-07
7.290919437167648186e-07
6.298422420195900859e-07
5.373014502493981503e-07
4.969839026439877285e-07
5.182723798865281302e-07
5.826666181789113343e-07
6.572348719421278578e-07
7.107319903924774059e-07
7.230999391951569207e-07
6.894404236661128613e-07
6.156267292893173981e-07
5.112819165595379195e-07
3.858863576399403167e-07
2.482449634207062915e-07
1.072598172188144119e-07
-2.847796742343876964e-08
-1.525583444903315301e-07
-2.605753777512789762e-07
-3.495191212917772905e-07
-4.174502787818791450e-07
-4.627652945900918912e-07
-4.839415561756716793e-07
-4.793146523108720063e-07
-4.454842074233154129e-07
-3.776669225266036370e-07
-2.731482859606683001e-07
-1.296162061199268888e-07
7.277707584014818194e-08
3.782048328941886911e-07
8.441702911519749870e-07
1.583118936078429119e-06
2.687712629066315564e-06
4.115459625048646158e-06
5.760491554538416295e-06
7.491347528714375090e-06
9.204273505330774877e-06
1.086431134450449025e-05
1.248116636834401058e-05
1.406996537928123681e-05
1.567939195922895927e-05
1.736635962232565170e-05
1.919554423526154081e-05
2.118836769965349874e-05
2.333253295434368840e-05
2.557839846124821030e-05
2.786951231109356244e-05
3.018262878467465400e-05
3.241065180725907579e-05
3.438743698336626853e-05
3.594172955729176949e-05
3.688299554869428778e-05
3.718136761672077140e-05
3.689218239047088217e-05
3.610289419505563458e-05
3.495408657533230940e-05
3.359768172596594524e-05
3.212486156899680280e-05
3.058965026444138163e-05
2.904055521838572548e-05
2.754608783492957643e-05
2.616130658803100003e-05
2.489458198025248180e-05
2.374722604484416348e-05
2.275657402581702602e-05
2.193119083406636056e-05
2.121852442244475591e-05
2.057297045132098638e-05
1.993702655023996511e-05
1.925126844137946906e-05
1.847834992744066648e-05
1.757552360717283823e-05
1.650129762039792097e-05
1.521878499363563636e-05
1.373935566181617226e-05
1.211579602196021431e-05
1.038479297532550514e-05
8.588864754876804344e-06
6.815327161648751376e-06
5.148046649611500836e-06
3.660715630331575815e-06
2.344025301551112783e-06
1.143645064534591863e-06
1.210583983791142246e-08
-1.075876897943835356e-06
-2.122254436837382581e-06
-3.119350401405699257e-06
-4.107966606643321187e-06
-5.134639804799328802e-06
