7.215625920522312706e-16
7.243978230849282274e-16
7.792830169681651264e-16
-2.572650732159483975e-10
2.321731894038315549e-09
2.219329223021952442e-09
-1.574385077625946853e-06
2.225528715583038395e-06
6.188250192485168888e-06
4.103739883616822743e-05
-6.149634606139913395e-04
-3.559154843909105169e-04
-6.630030056573500577e-05
8.818301781153302973e-05
6.925797373740755062e-05
-2.505853474697268809e-05
-9.120637661661925948e-05
-5.388587296965521883e-05
1.049942857156221324e-04
3.416758313770312892e-04
5.801520685972747903e-04
7.760516076569041110e-04
9.269038715678497645e-04
1.038631291111059450e-03
1.111718419131527483e-03
1.147586379595773136e-03
1.149115290519689501e-03
1.127558077460401667e-03
1.095661318467883519e-03
1.057359620324771271e-03
1.017989802313661431e-03
9.789021773948384294e-04
9.399340323031312155e-04
8.987464013887722265e-04
8.462903966713628337e-04
7.767690948964419036e-04
6.948914407546385140e-04
5.996655450131364948e-04
4.511272070198830129e-04
1.932287660226710631e-04
-2.094488025930150423e-04
-9.107922943444776145e-04
-1.867679373646650423e-03
-2.693458057205691276e-03
-3.199172779067831207e-03
-3.296500921136537223e-03
-2.998807316879580770e-03
-2.536276189668136734e-03
-2.102874065572691176e-03
-1.740633069456599654e-03
-1.556193061825978568e-03
-1.597996320502151476e-03
-1.913467804478187050e-03
-2.388482657825633307e-03
-2.915990227771376661e-03
-3.308537339995414484e-03
-3.540884418028023874e-03
-3.687704185858472258e-03
-3.395337577385207795e-03
-2.479318944174392202e-03
-9.051555335613581171e-04
1.348057299131186128e-03
3.676849988018341016e-03
5.864201056078173664e-03
7.783216548562998764e-03
9.147714296144447005e-03
9.933352739726156524e-03
1.038114641833027749e-02
1.061277299824807049e-02
1.061161994733479837e-02
1.029440762759522773e-02
9.637049474877002267e-03
8.832514047227327594e-03
7.984155889653380203e-03
6.983589109573713066e-03
5.966467970580545226e-03
5.168749070080568345e-03
4.504054484295506866e-03
4.047776973889798124e-03
3.847445715165272607e-03
3.839811143256840684e-03
4.018514450639457981e-03
4.380391898560179360e-03
4.912940574963866637e-03
5.448963818469459985e-03
5.808726921177514643e-03
6.032767053317162828e-03
6.189364341547377336e-03
6.134960081809882719e-03
5.773638490183238825e-03
5.167026275333637744e-03
4.592719051471624153e-03
4.191427725831389089e-03
3.961043831661309293e-03
3.682617986778297103e-03
3.249632565213645113e-03
2.872011252267029583e-03
2.773782194500841892e-03
2.777659786829673495e-03
2.456583181911184497e-03
