-5.182196884708199391e+00
-1.036439376941639523e+01
-1.554657333528439622e+01
-2.072750308136705399e+01
-2.590227197752117050e+01
-3.105409795267907569e+01
-3.613716507532824096e+01
-4.109940748396095955e+01
-4.588359160244710466e+01
-5.040740101417352292e+01
-5.458772569209509840e+01
-5.837126803543534947e+01
-6.175223188872235625e+01
-6.476689178490096310e+01
-6.746857895834284591e+01
-6.990913684114644866e+01
-7.213194590944341655e+01
-7.417131048423875939e+01
-7.674499129598214608e+01
-7.888541721182429001e+01
-8.072496446899373268e+01
-8.236783991643490310e+01
-8.386987589934322784e+01
-8.526304608447790656e+01
-8.656797218095861979e+01
-8.779970669510585424e+01
-8.897004161685902091e+01
-9.008798306210408668e+01
-9.116010547290531463e+01
-9.219121458020418913e+01
-9.318507751271752682e+01
-9.414543185006743897e+01
-9.507584034907681314e+01
-9.598015951408939372e+01
-9.686216292408390416e+01
-9.772436786114320739e+01
-9.856962838599285703e+01
-9.940276974210998162e+01
-1.002284239472536598e+02
-1.010498995188709443e+02
-1.018690335823678907e+02
-1.026854121630547070e+02
-1.034986386321801461e+02
-1.043095063212640952e+02
-1.051191609412174870e+02
-1.059288919330073924e+02
-1.067401211935520706e+02
-1.075544528086436031e+02
-1.083740310369035598e+02
-1.092004088834342355e+02
-1.100336873972477179e+02
-1.108738661852492271e+02
-1.117215618201255296e+02
-1.125777609253004954e+02
-1.134434100982506806e+02
-1.143201519167219118e+02
-1.152092357396202686e+02
-1.161115780342536965e+02
-1.170288261244511574e+02
-1.179620586570558913e+02
-1.189125376901374835e+02
-1.198829245823789478e+02
-1.208753086440988795e+02
-1.218914625814919219e+02
-1.229330164032030979e+02
-1.240011062436500566e+02
-1.250956102619585266e+02
-1.262176213871401274e+02
-1.273689090490772458e+02
-1.285502531916002340e+02
-1.297618814780684886e+02
-1.310032756417991209e+02
-1.322742997321549865e+02
-1.335740621965608170e+02
-1.349004714696979477e+02
-1.362505665579403740e+02
-1.376216192980813844e+02
-1.390123641081855226e+02
-1.404230852803122218e+02
-1.418547574853539288e+02
-1.433075001932313910e+02
-1.447815944774430363e+02
-1.462777872213036119e+02
-1.477970658201049048e+02
-1.493410876362949011e+02
-1.509128000811631694e+02
-1.525160592574713974e+02
-1.541556398091668143e+02
-1.558376914319648563e+02
-1.575709514577627601e+02
-1.593660017406687643e+02
-1.612310595393831250e+02
-1.631684626714487365e+02
-1.651758772102088813e+02
-1.672510087330551301e+02
-1.693918445385564269e+02
-1.715973995491317794e+02
-1.738688820564469211e+02
-1.762079529423033364e+02
-1.786146115113220105e+02
