4.684098867051884992e-07
9.368197734099757165e-07
1.405214224810723442e-06
1.876418075200227546e-06
2.359707806900433485e-06
2.869750348023785026e-06
3.550916285418392195e-06
4.333401357174916153e-06
4.993323332132766960e-06
5.531901027929688907e-06
5.721012385131299719e-06
5.591198743356000462e-06
6.079934574087359025e-06
4.994923243780957555e-06
5.527587034173886124e-06
5.786622041117138320e-06
5.974741315426352971e-06
6.126303257088616125e-06
6.247210065660774285e-06
6.336726814967081129e-06
6.392805824312256122e-06
6.410490715896552357e-06
6.394937895625829759e-06
6.347384731366995004e-06
6.271048940012918782e-06
6.165788691134481794e-06
6.036081909225508148e-06
5.888568276235270548e-06
5.724289558398797517e-06
5.550023007653391407e-06
5.367334080368248643e-06
5.167324112797894731e-06
4.942549479548136328e-06
4.688442588940668824e-06
4.401253913747537606e-06
4.073803814810946308e-06
3.682604619060845375e-06
3.177657982449373345e-06
2.510850937642042687e-06
1.661645811331976939e-06
6.165539468849732131e-07
-6.193129732337727187e-07
-2.048465063937430378e-06
-3.696818479074904527e-06
-5.518253961295823219e-06
-7.427641935393266401e-06
-9.349197779212891444e-06
-1.125385340207133637e-05
-1.312314995211068489e-05
-1.493178608752882549e-05
-1.664156655245873086e-05
-1.819174738499465785e-05
-1.954425224030114370e-05
-2.066084305779525832e-05
-2.141566351919915281e-05
-2.167522043643269622e-05
-2.145516109760903852e-05
-2.080670848469397754e-05
-1.974308343159174447e-05
-1.829533589720946455e-05
-1.662199839196854749e-05
-1.492251754069412863e-05
-1.334894613120919083e-05
-1.188727879706786147e-05
-1.046882544524707900e-05
-8.971546458758886635e-06
-7.373445741416349948e-06
-5.777924324408897447e-06
-4.366147028222353272e-06
-3.191874932767478346e-06
-2.131273564375047194e-06
-9.442076735255600004e-07
3.650858379846540780e-07
1.705108923548824474e-06
3.211720052124015780e-06
5.138756287604973135e-06
7.777366765968134833e-06
1.125666936200274246e-05
1.558963455688663278e-05
2.076707661002356471e-05
2.667767333559754693e-05
3.295240777632302878e-05
3.902561571099228890e-05
4.450796110174391176e-05
4.914836941095196003e-05
5.265080015064678914e-05
5.482037530787746155e-05
5.579358698172277560e-05
5.593638874185596747e-05
5.541570128386137580e-05
5.433671531516144274e-05
5.290294944860077025e-05
5.131494444690635261e-05
4.952162947873024480e-05
4.739281138459237701e-05
4.494083240247085173e-05
4.239295130019688396e-05
4.008583161929636879e-05
3.820261780400715547e-05
3.678314866947661493e-05
