3.477618702312250051e-16
-1.664828434751750366e-15
-7.496145732189917052e-11
-2.349118500824794805e-09
3.039055203632512185e-07
4.780546810050508136e-07
8.800290872688352518e-06
5.064236364764376346e-05
8.585270775084082083e-05
1.010260300263824134e-04
4.706777298946900507e-05
-1.368049516563527067e-04
-4.900215124270449320e-05
-9.028262470721676487e-04
-1.726412034887587696e-03
-2.300775594840303011e-03
-2.547690784908584766e-03
-2.660776194300415714e-03
-2.712584629756301449e-03
-2.732184807175849946e-03
-2.734856102263477987e-03
-2.718639891267303141e-03
-2.686161596140971500e-03
-2.647341167537717310e-03
-2.608237595537186634e-03
-2.574504380171914811e-03
-2.550547975752726244e-03
-2.523035110277755538e-03
-2.511206487710855844e-03
-2.508441820882060819e-03
-2.476299794747622261e-03
-2.400890599367877954e-03
-2.293447518463206936e-03
-2.163719989959948797e-03
-1.989440743958334479e-03
-1.681818315115687738e-03
-1.122074864270897719e-03
-3.194128377992078681e-04
6.213834493239374151e-04
1.665396237060641276e-03
2.717369082111203114e-03
3.795808365203284622e-03
4.983972336403936533e-03
5.952192739981973513e-03
6.444785351624168768e-03
6.506633094435027888e-03
6.371659007975249804e-03
6.126857773266380924e-03
5.709604442194718410e-03
5.004989724113223862e-03
4.033088816699726721e-03
2.921382333113799711e-03
1.700178168559319169e-03
-1.186329730005410577e-04
-2.538886636900372033e-03
-4.799473147366712864e-03
-6.729366535248278505e-03
-8.419454144420121522e-03
-9.884270657857845144e-03
-1.063580756995655303e-02
-1.048596589695829050e-02
-9.584751003146442169e-03
-8.648871481403735267e-03
-7.997109371355158938e-03
-7.858783917161500654e-03
-7.838412707049904199e-03
-7.419426159161360106e-03
-6.192018486913047730e-03
-4.644651146767613328e-03
-3.737142217282098285e-03
-4.015322181137820877e-03
-4.370028395860780547e-03
-4.335976808164041831e-03
-4.899967347743682672e-03
-6.667461388934982705e-03
-9.945003196458128414e-03
-1.405086826777898756e-02
-1.842514079992827250e-02
-2.286739506088097604e-02
-2.683379268816649121e-02
-2.934763422549016218e-02
-2.943480866407578722e-02
-2.749032887324250052e-02
-2.396558081500903617e-02
-1.831163631022420316e-02
-1.114806521419641275e-02
-4.485341160472016211e-03
2.502156232297491961e-04
4.054322251883945953e-03
7.150106707928402354e-03
9.061551734007354184e-03
1.000973219414957871e-02
1.134366551985579834e-02
1.348291391595989909e-02
1.557082322083058745e-02
1.616802015040250812e-02
1.454593287272913475e-02
1.174604557227334513e-02
8.761393342273864765e-03
6.199456583922916854e-03
