7.434664561726948229e+00
1.486932912345388402e+01
2.230381748879824499e+01
2.972183862053998382e+01
3.706263786110564240e+01
4.425385579663394964e+01
5.113111077557933015e+01
5.832859869384257223e+01
6.446077933354536071e+01
6.957130313844379543e+01
7.383449099116172931e+01
7.746601579204930488e+01
8.062818678474791056e+01
8.342346635190077109e+01
8.591462675161992024e+01
8.814602220530576915e+01
9.015504001721913596e+01
9.197513002545169059e+01
9.363585922853684451e+01
9.516251986073218916e+01
9.657622285265570383e+01
9.789444625249345222e+01
9.913182158242220510e+01
1.003011336668883757e+02
1.014129880055637187e+02
1.024751459498749853e+02
1.034955564984081633e+02
1.044802454037108674e+02
1.054335116142985385e+02
1.063614686375505585e+02
1.072696337898515822e+02
1.081604247649358257e+02
1.090355072858055507e+02
1.098992695407189331e+02
1.107553811681290341e+02
1.116055976206071847e+02
1.124514681016320168e+02
1.132942122131693310e+02
1.141353251929103862e+02
1.149767766712333383e+02
1.158209462162570418e+02
1.166701724929451274e+02
1.175267648529034261e+02
1.183935316012690038e+02
1.192742000161152589e+02
1.201711264636174405e+02
1.210882018113135530e+02
1.220311481364981461e+02
1.230063718345229518e+02
1.240206650105472477e+02
1.250823812652259477e+02
1.262007614626437686e+02
1.273843688545978665e+02
1.286397322036278865e+02
1.299727069305814098e+02
1.313958297398375521e+02
1.329264233720999755e+02
1.345752591487616030e+02
1.363439285608099283e+02
1.382359322269878703e+02
1.402610731883227118e+02
1.424264486137636538e+02
1.447345845907687476e+02
1.471812134256499860e+02
1.497568998170605425e+02
1.524507915195350449e+02
1.552529789605556232e+02
1.581553004336870742e+02
1.611511374462061781e+02
1.642330224313623717e+02
1.673921778249209922e+02
1.706205621741103187e+02
1.739114542156929417e+02
1.772586931747985659e+02
1.806567985655416351e+02
1.841016049261375542e+02
1.875892961290428218e+02
1.911163059618994282e+02
1.946821283765867463e+02
1.982884471218977183e+02
2.019367265115749319e+02
2.056282115960381134e+02
2.093657223069163820e+02
2.131538780394298271e+02
2.169975817382401999e+02
2.209006226982095882e+02
2.248656037565293673e+02
2.288946710340778736e+02
2.329907318756267784e+02
2.371577421096095293e+02
2.414009052313951145e+02
2.457275950352440645e+02
2.501459528153595215e+02
2.546629791651570258e+02
2.592869813200575777e+02
2.640279004978726789e+02
2.688943596554969417e+02
2.738925328990657704e+02
2.790276356388067143e+02
2.843021250813661709e+02
