3.987571127933726696e-10
3.987571127933726696e-10
2.526462582858833283e-08
3.455572772024740048e-06
2.538884833969487707e-05
9.167649857936347173e-05
2.719517334183948489e-04
6.690059656203971956e-04
1.525876315889918402e-03
2.800959082223248610e-03
4.402120975633179965e-03
6.253356798167675895e-03
8.307632604407146418e-03
1.054093965904845387e-02
1.294006871004082897e-02
1.549349688993810828e-02
1.818855079781367401e-02
2.101153541165083627e-02
2.394863452307848667e-02
2.698670481286078587e-02
3.011372363241337363e-02
3.331899579988906179e-02
3.659311611366226208e-02
3.992796661582301287e-02
4.331676260403197892e-02
4.675338821074186829e-02
5.023289608227187591e-02
5.375126191774664414e-02
5.730444635518473079e-02
6.088895688069746043e-02
6.450227599680845303e-02
6.814223640429550866e-02
7.180619751869168899e-02
7.549200989660960481e-02
7.919806523987135694e-02
8.292287798268119237e-02
8.666499884136846799e-02
9.042286954877691574e-02
9.419493836132951381e-02
9.797952243245149073e-02
1.017749989589120524e-01
1.055803454790280038e-01
1.093946528040504046e-01
1.132161497273301842e-01
1.170435175008232714e-01
1.208751822990894037e-01
1.247089705155024209e-01
1.285424738294063396e-01
1.323731463287665389e-01
1.361978296015318446e-01
1.400133603607125743e-01
1.438168518174238464e-01
1.476063270941501970e-01
1.513806129061224803e-01
1.551358968748781930e-01
1.588648659614161351e-01
1.625625762464244506e-01
1.662295821894802517e-01
1.698666767352044471e-01
1.734698094998760876e-01
1.770346180421405458e-01
1.805579206917700408e-01
1.840405964464254529e-01
1.874865978302291125e-01
1.909006775677713486e-01
1.942876700381589994e-01
1.976518597944955102e-01
2.009953828570380796e-01
2.043206506844973402e-01
2.076316914086649423e-01
2.109318618498385867e-01
2.142230340236773167e-01
2.175073388389033580e-01
2.207871440537334529e-01
2.240637122491568045e-01
2.273371255620933451e-01
2.306072676131832588e-01
2.338741721764911186e-01
2.371366457520247273e-01
2.403924917611963974e-01
2.436394382669544167e-01
2.468747084057580643e-01
2.500944658618828864e-01
2.532947366056758631e-01
2.564716000896661852e-01
2.596210426978592944e-01
2.627395201586454343e-01
2.658236953995769536e-01
2.688689961154733798e-01
2.718700706552851787e-01
2.748204709108487132e-01
2.777129328521110163e-01
2.805401198429735565e-01
2.832944339276241008e-01
2.859675722076593374e-01
2.885517010108177294e-01
2.910399017447258818e-01
2.934259669639386892e-01
2.957047774899855264e-01
2.978738029844579249e-01
