-8.958582413681387579e-08
-1.791716482736398747e-07
-2.687574724104019889e-07
-3.585323858209938220e-07
-4.513519830152546615e-07
-5.444787200182781551e-07
-6.554909286287024030e-07
-8.272229816371687083e-07
-1.062071695383093826e-06
-1.483343686401559815e-06
-2.200110172454064678e-06
-3.096897037430653251e-06
-4.233830091804990480e-06
-5.726845352259447184e-06
-7.632398823605672224e-06
-9.888397780112352195e-06
-1.237488714825533835e-05
-1.501682449219090372e-05
-1.778370945267262004e-05
-2.065880244465613402e-05
-2.084981191045479152e-05
-2.197795840499458078e-05
-2.350045698324231246e-05
-2.524750510621389508e-05
-2.712594816461169712e-05
-2.907244460641374671e-05
-3.104072431244557327e-05
-3.299675732170334169e-05
-3.491636158479584628e-05
-3.678325880936725805e-05
-3.858697503803183352e-05
-4.032063105036962699e-05
-4.197879810935974603e-05
-4.355621305252007161e-05
-4.504775564024977147e-05
-4.644895104031734656e-05
-4.775747156863467663e-05
-4.897210825971867900e-05
-5.009389236145205519e-05
-5.112856399133541390e-05
-5.209129837153395493e-05
-5.301899902813032910e-05
-5.401442807269927153e-05
-5.521001442475557432e-05
-5.661798616215826498e-05
-5.800549691773376542e-05
-5.904096293181577710e-05
-5.931604306833573512e-05
-5.851796681625812417e-05
-5.661990214071909659e-05
-5.398283468601576573e-05
-5.119661610462808546e-05
-4.865233224223806274e-05
-4.645676086893440988e-05
-4.446489233120282493e-05
-4.245283093766508289e-05
-4.025721436309879565e-05
-3.783570222152968319e-05
-3.521569531207941839e-05
-3.243152128597575853e-05
-2.953564997396426959e-05
-2.663114565689964417e-05
-2.381244490297891397e-05
-2.115987011486685125e-05
-1.870069712708820049e-05
-1.640943410628564557e-05
-1.422304092161873525e-05
-1.205272567894720137e-05
-9.852458383055252408e-06
-7.642709086060216244e-06
-5.392594432236548316e-06
-3.066206132442635043e-06
-6.066858097826149591e-07
2.012875542727841261e-06
4.843742284095357660e-06
7.910002581062159952e-06
1.118764015980252891e-05
1.464686767449403679e-05
1.824158643974162691e-05
2.187410200682676705e-05
2.543931035194015286e-05
2.885864650174109553e-05
3.206609541477567721e-05
3.498483240461543322e-05
3.756182401183518724e-05
3.975915989707150494e-05
4.155466661953592086e-05
4.293596135307954837e-05
4.390898381244089018e-05
4.448711129319372562e-05
4.471419944956122244e-05
4.472397655244163912e-05
4.464304950267446051e-05
4.458415584509795406e-05
4.460136859164378113e-05
4.466378280192931182e-05
4.469912814571691117e-05
4.463427350341416422e-05
4.442066704117253294e-05
4.407185150806209819e-05
