8.487940690909139081e-08
1.697588138181908284e-07
2.546382207273204151e-07
3.395176417035633847e-07
4.243985125166615806e-07
5.096188005391340039e-07
5.987742341425712231e-07
6.932091641431673977e-07
7.732351460262245390e-07
8.449648876020514940e-07
8.900012426471599667e-07
8.144450821408396004e-07
6.993865993875817517e-07
7.747472322553954587e-07
7.572686498080551647e-07
6.800187191016097373e-07
6.186271956389674206e-07
5.959054010874344335e-07
5.775739199302381896e-07
5.526690534429703762e-07
5.383370163155465769e-07
5.469662501490213479e-07
5.760826080764328568e-07
6.165583115019495252e-07
6.604174450327085245e-07
7.026184691624628576e-07
7.401442451421209075e-07
7.715351673244423419e-07
7.970751299894163801e-07
8.185763064585407654e-07
8.388384253188484702e-07
8.609699537323662337e-07
8.878519096651354168e-07
9.170646159690713826e-07
9.470710129611556960e-07
9.807451358838703291e-07
1.017368561178061762e-06
1.057303056161755651e-06
1.101725323847472168e-06
1.151657293317002614e-06
1.206653287809710010e-06
1.265361406595397631e-06
1.327281691019404417e-06
1.394167727807584144e-06
1.472580070075513421e-06
1.569239713701028084e-06
1.694550705335419389e-06
1.865662087867308367e-06
2.104387672755046319e-06
2.443204320306155997e-06
2.910610099975692199e-06
3.532183749021745938e-06
4.294007270002463381e-06
5.147323823674008212e-06
6.031312338106388858e-06
6.908899946327630281e-06
7.752759754162820942e-06
8.537757732533685185e-06
9.235276342149610008e-06
9.842609095140874352e-06
1.034816681302598960e-05
1.075191967620006933e-05
1.106683117333648381e-05
1.129973693722539467e-05
1.145583311155521656e-05
1.155506855851213581e-05
1.158447230568404054e-05
1.148056422108553630e-05
1.121743247003213961e-05
1.079538258673552715e-05
1.019420507528377853e-05
9.417826438236352092e-06
8.525722350518858008e-06
7.585728428116463914e-06
6.630448607700319965e-06
5.670005032573854200e-06
4.712248613116637725e-06
3.758564580010532588e-06
2.816886423767913785e-06
1.927630596710151154e-06
1.111038705009977772e-06
3.472231232828333616e-07
-3.479036739587742430e-07
-8.923504846949036879e-07
-1.174173527472739591e-06
-1.132538147585406020e-06
-8.022283097934471131e-07
-2.903018554880051728e-07
2.958477258413984824e-07
8.670747739309039236e-07
1.396018935782923172e-06
1.928036350893483327e-06
2.525231106542436461e-06
3.220273015257257830e-06
4.008449052576728726e-06
4.866585893579499803e-06
5.733012315753306094e-06
6.542551021737120194e-06
7.280079899242377640e-06
7.944473057716056996e-06
