1.881258058269432917e-16
5.417923427334780245e-16
3.607775902569713977e-16
1.352093282713622002e-16
1.094252185709204944e-10
4.149416452099805464e-09
-3.626449942217397596e-08
-6.390771579122159305e-08
-3.883182510531847561e-07
-4.423005796665500342e-06
-1.610907598586387289e-05
-2.198900284365191819e-05
-2.735766224245653368e-05
4.919539103439403644e-04
4.338928117555495645e-04
7.328890769422229611e-05
-3.026373105119163328e-04
-5.191949543864487256e-04
-6.908262105386214378e-04
-8.923781492252803394e-04
-1.078562088336177055e-03
-1.204882863657800876e-03
-1.268830300848091969e-03
-1.282119253091058928e-03
-1.253564198196133531e-03
-1.194660145860473388e-03
-1.124282842208484045e-03
-1.061295731589361000e-03
-1.015658263784731700e-03
-9.884651721443820857e-04
-9.777986330428605280e-04
-9.830755959374314849e-04
-9.912925530269106784e-04
-1.004134584835257105e-03
-1.029834857182484803e-03
-1.062617825823449847e-03
-1.107936355535814668e-03
-1.163931555762767181e-03
-1.224699456342048668e-03
-1.289854483142015978e-03
-1.363606070624747216e-03
-1.451662606880631734e-03
-1.550455573261174703e-03
-1.660045587879303147e-03
-1.774942806443405166e-03
-1.906294790587760406e-03
-2.053996371390708325e-03
-2.215617097918003153e-03
-2.409306890422382042e-03
-2.618203149367453238e-03
-2.842455379739197360e-03
-3.009556263694992961e-03
-3.066459625509310259e-03
-2.982028919913593933e-03
-2.831146513777476389e-03
-2.692052466466058388e-03
-2.566161983413647353e-03
-2.416348109364334449e-03
-2.288139939689183468e-03
-2.142556796102104699e-03
-2.020288724919839293e-03
-1.965530514399270196e-03
-1.939784128580392814e-03
-1.890052908979212134e-03
-1.833415913784492649e-03
-1.714891802632520414e-03
-1.413494029613777308e-03
-1.035363495879187620e-03
-6.617782387733926784e-04
-2.161909270551296859e-04
2.351728770607979478e-04
4.924029379125191000e-04
5.304187603654145688e-04
4.860620416370430930e-04
4.878095818762970552e-04
5.476830361239275061e-04
6.631445775688348324e-04
7.864420082662501414e-04
7.535721982318513857e-04
6.005405775108238779e-04
4.659047049432098750e-04
2.348474099829863586e-04
-3.021069391896295613e-04
-1.258186503131389312e-03
-2.458520327822287608e-03
-3.538317294534149265e-03
-4.200542835627808086e-03
-4.437625236471961533e-03
-4.363234342986546839e-03
-4.216117246959418322e-03
-4.284304826169705628e-03
-4.644630786044377443e-03
-5.145558335434501085e-03
-5.595882614157080166e-03
-5.943848164956969798e-03
-6.047964491903406320e-03
-5.870527494651623865e-03
-5.608002112381488616e-03
-5.329249948004965640e-03
-4.883880418356809430e-03
