8.958582413676027449e-08
1.791716482734922528e-07
2.687666576571772755e-07
3.614660555857372623e-07
4.556001708915340578e-07
5.751123027440531750e-07
7.621140078957564693e-07
1.103014840221532265e-06
1.745790207507950016e-06
2.494922670454426294e-06
3.501516565489744402e-06
4.937478442521553012e-06
6.804904510325075478e-06
8.940275005341775724e-06
1.119435445847728580e-05
1.354754874973466049e-05
1.602502930975176906e-05
1.864466307718591121e-05
2.138230785927924734e-05
2.153763366306842171e-05
2.247043295261225165e-05
2.358763942720081721e-05
2.477797094400469450e-05
2.599120411978441146e-05
2.719322258860562024e-05
2.835904315169827640e-05
2.947036909311008331e-05
3.051295920379862951e-05
3.147468772220581343e-05
3.234529170933958189e-05
3.311682332936359536e-05
3.378366163797090417e-05
3.434215173938978167e-05
3.479044752955613533e-05
3.512844229824548680e-05
3.535739379848613700e-05
3.547932366756118103e-05
3.549655357207613183e-05
3.541166717498212099e-05
3.522803795757529718e-05
3.495107496253031489e-05
3.459107765350691706e-05
3.417241337024589450e-05
3.375911922890357825e-05
3.347138021013491989e-05
3.345108905173317985e-05
3.371203570244816453e-05
3.393916779957459074e-05
3.380969866040817401e-05
3.319215205540115127e-05
3.191853581668970479e-05
2.984095746025418325e-05
2.702592798970787695e-05
2.382502465855615171e-05
2.057346768111016893e-05
1.749464717746539516e-05
1.452612024561223392e-05
1.146340848805341611e-05
8.237372190686754222e-06
4.808160762151785493e-06
1.140964194462007015e-06
-2.776955069823634310e-06
-6.924837500450419344e-06
-1.125295102227258545e-05
-1.571840376097220771e-05
-2.031275406307120546e-05
-2.501654113809494820e-05
-2.975840575153241842e-05
-3.445476399952937736e-05
-3.906075066735240417e-05
-4.353079926230991252e-05
-4.778404803761709897e-05
-5.176549042989105076e-05
-5.545623676730222166e-05
-5.886408379090590608e-05
-6.199187339990252794e-05
-6.482314196648515702e-05
-6.740591869069049297e-05
-6.985393584837668154e-05
-7.228109636477823927e-05
-7.475598773371709466e-05
-7.734045367019665303e-05
-8.005738678310026781e-05
-8.291942451616351095e-05
-8.593134982526153313e-05
-8.910886935103748906e-05
-9.245566922286517486e-05
-9.588291218525330460e-05
-9.922775381215667430e-05
-1.024481508524128424e-04
-1.056234636043420512e-04
-1.088048348065187500e-04
-1.119010275125982090e-04
-1.148034107488166920e-04
-1.174730393333718782e-04
-1.199615586212253394e-04
-1.222972856901799531e-04
-1.243865623692259870e-04
-1.260967756196853878e-04
-1.273159827831282852e-04
