6.307455985177687019e+00
1.261491197035536871e+01
1.892236795553289852e+01
2.522982393999593853e+01
3.153727652246348256e+01
3.784459725490000181e+01
4.415043137910899418e+01
5.043223499036502488e+01
5.659384658907988808e+01
6.250681826028614552e+01
6.805840073230132248e+01
7.310794480021876041e+01
7.755429733726548136e+01
8.269479610484151522e+01
8.660906548156418694e+01
8.991951083263018063e+01
9.280939536142628299e+01
9.537840847654254617e+01
9.769439489263835696e+01
9.980660315655752868e+01
1.017516047620058828e+02
1.035570123116422820e+02
1.052440861364798366e+02
1.068294737815434559e+02
1.083263843098678336e+02
1.097454215901250762e+02
1.110952358166280760e+02
1.123830227972494811e+02
1.136148933933432374e+02
1.147961028393635132e+02
1.159311987456686381e+02
1.170241750704737314e+02
1.180785564714719698e+02
1.190974761432460269e+02
1.200837466163892344e+02
1.210399311156528910e+02
1.219683950789751918e+02
1.228712635879538482e+02
1.237504622127130745e+02
1.246077825948405433e+02
1.254447671351611149e+02
1.262628162744292837e+02
1.270633007174344442e+02
1.278475215252894230e+02
1.286166863057725323e+02
1.293719454233903718e+02
1.301144531329655933e+02
1.308452843611787273e+02
1.315654653926517597e+02
1.322760271869327084e+02
1.329781430599210807e+02
1.336731166198426024e+02
1.343621727081684014e+02
1.350466478818281075e+02
1.357282487021776944e+02
1.364088050151175935e+02
1.370903002544574463e+02
1.377752868561555886e+02
1.384658489360124634e+02
1.391630119674642856e+02
1.398676208507098977e+02
1.405808199815164983e+02
1.413043785334508300e+02
1.420404046021647559e+02
1.427899454537076167e+02
1.435531428927190518e+02
1.443300671793285801e+02
1.451213883923321362e+02
1.459283195704897196e+02
1.467521069644789975e+02
1.475941275626634877e+02
1.484550464090978039e+02
1.493341070153044541e+02
1.502306378243854397e+02
1.511446373024073466e+02
1.520762616281549242e+02
1.530255830184029548e+02
1.539922574171075951e+02
1.549758304531964086e+02
1.559764352071323117e+02
1.569939061915784748e+02
1.580276071011534782e+02
1.590770831578811340e+02
1.601422900854500142e+02
1.612239261122002745e+02
1.623225463264127200e+02
1.634379263164283884e+02
1.645695736755205019e+02
1.657172226705166054e+02
1.668811845496582293e+02
1.680616932294150558e+02
1.692588481829401417e+02
1.704732063584100672e+02
1.717051373180116798e+02
1.729549387010280270e+02
1.742231283840410185e+02
1.755099520464440275e+02
1.768152739053310825e+02
1.781391938153398371e+02
1.794822892657195723e+02
