3.999270398389492073e-10
3.999270398389492073e-10
3.999270398389492073e-10
4.000174517418707237e-10
9.462987061921883788e-10
2.334255183110966599e-08
3.582258888360933696e-07
6.360255140899704226e-06
4.277046722372337300e-05
1.463791821941966894e-04
3.561967260585809092e-04
7.263702019551822320e-04
1.301413240047056630e-03
1.915742837450471608e-03
2.792927551454102604e-03
3.854068701157460208e-03
5.059582828871292751e-03
6.382188433238736129e-03
7.801623993862577891e-03
9.302561747876652090e-03
1.087329165876913320e-02
1.250473370334269536e-02
1.418971573003077573e-02
1.592249835930694205e-02
1.769846627168960435e-02
1.951387723608670119e-02
2.136564359064131724e-02
2.325115616148053233e-02
2.516816298744675023e-02
2.711469369797751827e-02
2.908899440912436282e-02
3.108948783287959761e-02
3.311474399225277504e-02
3.516345521908560701e-02
3.723441294637818560e-02
3.932648307068541127e-02
4.143861175165566846e-02
4.356982871508308097e-02
4.571921559579984751e-02
4.788593607425228882e-02
5.006921666545760541e-02
5.226831836435954365e-02
5.448254039903652896e-02
5.671121070158952754e-02
5.895371626578766594e-02
6.120944263450038558e-02
6.347780811223914521e-02
6.575826665168635343e-02
6.805028465214582600e-02
7.035334795734446423e-02
7.266688923726481730e-02
7.499038614583052043e-02
7.732338321043602525e-02
7.966535319874222532e-02
8.201571212891398122e-02
8.437395631957224362e-02
8.673951454376625791e-02
8.911169568732636714e-02
9.149029137298136938e-02
9.387523825020080426e-02
9.626632711933864883e-02
9.866326445295355019e-02
1.010655464761403000e-01
1.034728048778543880e-01
1.058851720454473816e-01
1.083027550496275110e-01
1.107255572877124117e-01
1.131533089338258857e-01
1.155857658748752209e-01
1.180227559301438578e-01
1.204640217746563574e-01
1.229097157799435847e-01
1.253603238218155835e-01
1.278159003665870486e-01
1.302763634534765125e-01
1.327416776851280678e-01
1.352118868399733720e-01
1.376871292609940234e-01
1.401674671198540056e-01
1.426527283079775665e-01
1.451430617596475847e-01
1.476386175598002337e-01
1.501394227411995408e-01
1.526452850579478882e-01
1.551557977975850378e-01
1.576708947103886149e-01
1.601907551282346909e-01
1.627155147087219200e-01
1.652451844051215646e-01
1.677795031852928331e-01
1.703184378166316404e-01
1.728618874848330544e-01
1.754095425804221287e-01
1.779613861628077665e-01
1.805172648832040760e-01
1.830770049404962518e-01
1.856405892391146117e-01
1.882080833487868310e-01
1.907793610373483828e-01
1.933540786891363439e-01
