0.000000000000000000e+00
3.724105265988850721e+00
7.448210531977704996e+00
1.117231579796649754e+01
1.489642100619781928e+01
1.862051865446027321e+01
2.234452796917445028e+01
2.606492765966016378e+01
2.972594462866920040e+01
3.311898723484325302e+01
3.595990775264260009e+01
3.819195900808642818e+01
3.997245799921795140e+01
4.324080470474270754e+01
4.275548901572948779e+01
4.588325618631021996e+01
4.759152691686383463e+01
4.882474940323821500e+01
4.983144040357217364e+01
5.070139848388473069e+01
5.147738900968343501e+01
5.218365650594857641e+01
5.283562743552949570e+01
5.344392156113968895e+01
5.401625866010104460e+01
5.455847691547556622e+01
5.507512956641525648e+01
5.556982673905751824e+01
5.604548446782822424e+01
5.650452571751827691e+01
5.694898335446438153e+01
5.738058634136221059e+01
5.780081978661224440e+01
5.821097640989891886e+01
5.861218489705011336e+01
5.900544272205069518e+01
5.939164702179428446e+01
5.977162014000266055e+01
6.014614510393655422e+01
6.051594591283546976e+01
6.088167160760297492e+01
6.124396366520409174e+01
6.160350134736387417e+01
6.196096613859022995e+01
6.231707944091156293e+01
6.267263850897612087e+01
6.302854849138228133e+01
6.338607252573954298e+01
6.374692459274610457e+01
6.411299153106024562e+01
6.448631928466885199e+01
6.486893625114744566e+01
6.526288582213634015e+01
6.567007141388410218e+01
6.609197049180171746e+01
6.652926968665440199e+01
6.698218949058211535e+01
6.745110190089663149e+01
6.793534153207221493e+01
6.843355081442965115e+01
6.894476642062574001e+01
6.946795467677509350e+01
7.000189616351320865e+01
7.054552169812713203e+01
7.109789421386875574e+01
7.165816342237233982e+01
7.222556093167760594e+01
7.279978123394937484e+01
7.338111694541495922e+01
7.397014385331219444e+01
7.456725373861002026e+01
7.517289355945140983e+01
7.578790744591221085e+01
7.641360855638660610e+01
7.705137839918779719e+01
7.770244745794217067e+01
7.836791255830257796e+01
7.904860681709379833e+01
7.974540120432995138e+01
8.045931003160403350e+01
8.119144948467683776e+01
8.194344001641638897e+01
8.271741352816675885e+01
8.351554037357624338e+01
8.433995127364232758e+01
8.519343018397823641e+01
8.607957251138077481e+01
8.700246963363451869e+01
8.796640907148207589e+01
8.897620521405761451e+01
9.003694099304215115e+01
9.115421606028620261e+01
9.233393763926207498e+01
9.358177780560126280e+01
9.490346072029524294e+01
9.630547645609227914e+01
9.779383346821552436e+01
9.937343844104179880e+01
1.010478897776471996e+02
1.028196283821265098e+02
1.046914231482840023e+02
