0.000000000000000000e+00
1.999376237366774773e-10
1.999376237366774773e-10
1.999376237366774773e-10
2.167522176469649259e-10
2.048283409996569242e-09
2.990497090206819085e-08
1.645303072128421070e-06
3.111175605091120886e-05
1.958960664981774982e-04
6.538649033950239215e-04
1.443807300849617647e-03
2.487952461821620748e-03
3.353251619392223944e-03
5.054867247271478681e-03
6.124029305533367287e-03
7.517076488279795209e-03
9.060948959428634722e-03
1.069739042758901908e-02
1.239995062616853529e-02
1.415392659623701706e-02
1.594990490881743189e-02
1.778124486027941181e-02
1.964295015542895720e-02
2.153109531576595514e-02
2.344250121939682810e-02
2.537455051122215754e-02
2.732505958030778670e-02
2.929216685362217437e-02
3.127427821272801833e-02
3.327000981184136119e-02
3.527816340797457900e-02
3.729769562853648551e-02
3.932768169155373417e-02
4.136730490940874333e-02
4.341583779708053231e-02
4.547262730493511346e-02
4.753707181925392877e-02
4.960862009605214451e-02
5.168678319462285259e-02
5.377110743175451957e-02
5.586114542229616425e-02
5.795647828861644202e-02
6.005669159452993455e-02
6.216134403509907674e-02
6.426998735528482998e-02
6.638213881633391045e-02
6.849727104728564608e-02
7.061485442141832158e-02
7.273416313104379138e-02
7.485460013905134713e-02
7.697548332409712146e-02
7.909631084332691131e-02
8.121706784905081966e-02
8.333805902850519032e-02
8.545977903926865737e-02
8.758270527523624727e-02
8.970768963025413378e-02
9.183582820007593628e-02
9.396773352790728506e-02
9.610384142769570759e-02
9.824452256561244656e-02
1.003903174804518100e-01
1.025416754116311585e-01
1.046987831081715864e-01
1.068617482114716799e-01
1.090304893068840680e-01
1.112045635012938877e-01
1.133834707963743277e-01
1.155668793792552079e-01
1.177544313517546598e-01
1.199455244966675382e-01
1.221392290036229650e-01
1.243346775713487506e-01
1.265313868920602269e-01
1.287288556400133788e-01
1.309264535546491859e-01
1.331231955622079743e-01
1.353180138145512190e-01
1.375098841195917521e-01
1.396977099974255343e-01
1.418800791761997693e-01
1.440553622421446023e-01
1.462218473587988676e-01
1.483775074100416036e-01
1.505199974989488709e-01
1.526467683443211432e-01
1.547549265190153178e-01
1.568409790208938615e-01
1.589013615842848060e-01
1.609325094009147195e-01
1.629303708695517827e-01
1.648904894901860041e-01
1.668089162501179279e-01
1.686811284845915748e-01
1.705025331286822154e-01
1.722688638911009651e-01
1.739761959999406304e-01
1.756212926125610141e-01
1.772009712903786505e-01
1.787124512338440219e-01
