-5.505624710473722150e-14
-1.096066190283198627e-13
-1.309789408009132128e-13
2.798379035261330458e-08
-3.390167288048356355e-07
-4.896127853312574364e-06
-2.183220762941404536e-05
1.932073528411839321e-05
1.373589390385489273e-04
2.591039400163918770e-04
4.456518227783968795e-04
5.822301527718793356e-04
6.469578361282208928e-04
7.661323331410948862e-04
8.708831328020216886e-04
8.584908578250016265e-04
-7.695466649669135311e-04
-1.340090671790933807e-03
-1.798131122547247211e-03
-2.167101364332285098e-03
-2.430113061808728513e-03
-2.582006006053806299e-03
-2.636411783930308651e-03
-2.619229271147390393e-03
-2.557846943918260299e-03
-2.473110750635713027e-03
-2.374934629565355997e-03
-2.264133277195732284e-03
-2.118694325565813417e-03
-1.944194792577176633e-03
-1.778444435044657535e-03
-1.535761383976390251e-03
-1.111562889166082310e-03
-4.775524126746133512e-04
1.122716742040342315e-04
4.916362985907760672e-04
5.619306161537386893e-04
6.272787704450472719e-04
1.023996293076766522e-03
1.573946331400895120e-03
2.098285755057373476e-03
2.545169321523061551e-03
2.873619564521760501e-03
3.231732375486633287e-03
3.513493024338963482e-03
3.580366605730757844e-03
3.410410590478875001e-03
3.020135089844923782e-03
2.465598601267531692e-03
1.759626512540155311e-03
1.063694067573523827e-03
3.044068340821698805e-04
-4.307875286758832030e-04
-1.042091394687376079e-03
-1.662212452676751703e-03
-2.565031791543907411e-03
-3.694627106318632091e-03
-4.910676399935583886e-03
-6.036906860413570990e-03
-6.931268711700997592e-03
-7.378215651116386102e-03
-7.484572893008046950e-03
-7.259845877556085972e-03
-6.653512303986881989e-03
-6.359502230875746856e-03
-6.418004782122985891e-03
-5.918599051713881523e-03
-3.693937665968247130e-03
1.244182731091673239e-03
7.731452033078859733e-03
1.356777666409752711e-02
1.689144001540296078e-02
1.833637333111666143e-02
1.765907119767177666e-02
1.470041934472568652e-02
1.007493893202134061e-02
6.280822753304719092e-03
4.380607588697198532e-03
4.238396809309817256e-03
3.793190534515056885e-03
2.894602912885050998e-03
2.190251476588151586e-03
1.571799429034419996e-03
2.115032967489079933e-03
3.647837100599478962e-03
4.739180281765797281e-03
4.283958564146371148e-03
3.083547649594572428e-03
2.547377310271990800e-03
2.409610560852556201e-03
2.808984672911998305e-03
3.057102679590548242e-03
3.071778378385582250e-03
3.826614647258709621e-03
5.371461107909768912e-03
7.220699288555599248e-03
9.212592365330972421e-03
1.040018740362815691e-02
1.084292571380559081e-02
1.084586970707308688e-02
