-1.055827337987726867e-07
-2.111654675975458234e-07
-3.167482013962891948e-07
-4.223293951311932535e-07
-5.278956593854894438e-07
-6.334468026839577081e-07
-7.388965176004199371e-07
-8.445062292728529915e-07
-9.508278894244046045e-07
-1.057570159720574641e-06
-1.163771797791717518e-06
-1.269338998208905934e-06
-1.368452287794932943e-06
-1.416988620127248021e-06
-1.263108666915923319e-06
-6.353349308546983326e-07
7.947147295744867052e-07
3.332722903155331069e-06
7.217943265565317086e-06
1.264004380964757119e-05
1.979982575169100150e-05
2.895860026475332498e-05
4.041292900296983298e-05
5.440618915861453338e-05
7.104676607020493585e-05
9.027895927325649674e-05
1.119064101742459365e-04
1.356428137838964164e-04
1.611645087313270746e-04
1.881506434260838084e-04
2.163081132729191645e-04
2.453834792651014059e-04
2.751665442437508432e-04
3.054878536688587581e-04
3.362117878607855602e-04
3.672310069251914669e-04
3.984611014209036499e-04
4.298367380765656946e-04
4.613081033291310676e-04
4.928375059938174679e-04
5.243967351263860866e-04
5.559648659627788522e-04
5.875264430965873065e-04
6.190703206193034526e-04
6.505887444801682811e-04
6.820764322633752607e-04
7.135300558871297567e-04
7.449477827238972340e-04
7.763289102673292435e-04
8.076735772751654583e-04
8.389825654828781320e-04
8.702572833506368307e-04
9.014993840213466735e-04
9.327100703436308829e-04
9.638902718478075185e-04
9.950412309115298087e-04
1.026164230529050692e-03
1.057260398119970555e-03
1.088330817307946348e-03
1.119376670131215111e-03
1.150399032035103603e-03
1.181398704222205243e-03
1.212376251694908874e-03
1.243331989208483652e-03
1.274265791979709581e-03
1.305177284249197560e-03
1.336066134401040330e-03
1.366932518979128508e-03
1.397777398140518171e-03
1.428601462578945680e-03
1.459405158099754849e-03
1.490188738312872574e-03
1.520952248572471311e-03
1.551695510490474182e-03
1.582418102285193919e-03
1.613119541657103166e-03
1.643799441220271515e-03
1.674457263993862433e-03
1.705092157595126902e-03
1.735702754044966866e-03
1.766287269860031739e-03
1.796843791781552874e-03
1.827370269383531576e-03
1.857864763547776524e-03
1.888326604489474819e-03
1.918756547353920412e-03
1.949153633418152474e-03
1.979512714493804944e-03
2.009826656884358253e-03
2.040091908130004308e-03
2.070305963338426106e-03
2.100467001209555852e-03
2.130578707938172653e-03
2.160649905347053566e-03
2.190687802796909001e-03
2.220693005673591951e-03
2.250658390589661741e-03
2.280576055491751256e-03
2.310442974738133315e-03
2.340257190858281537e-03
