7.591283973838410838e-17
-2.368188712283960350e-16
-8.892159291813933435e-16
-7.269720953367956326e-11
-2.180422870420882698e-09
-2.955107931940065919e-09
-7.786990718743222012e-09
-3.324784541607081701e-08
-6.295991783623565216e-08
-9.966063086260711974e-08
-1.400404960919541892e-07
-4.741538850411005995e-05
-3.153253968298902173e-04
-1.396718866020918957e-03
-3.996073765821994521e-03
-8.565780608559392384e-03
-1.518937181024591389e-02
-2.373856853322869540e-02
-3.420102523528729260e-02
-4.691696998609889979e-02
-6.241435050795977879e-02
-8.088654801344340173e-02
-1.018303665745725617e-01
-1.241273072634077601e-01
-1.464232058284077875e-01
-1.675292409067228871e-01
-1.866477726282286809e-01
-2.033963767286628976e-01
-2.177161128961096204e-01
-2.297551807606856844e-01
-2.397673907122656323e-01
-2.480420314214028810e-01
-2.548623133407141306e-01
-2.604799158763973499e-01
-2.651093035129216124e-01
-2.689307147418016908e-01
-2.720974995742404534e-01
-2.747380442845422377e-01
-2.769564481876236606e-01
-2.788362117029400400e-01
-2.804432280358735152e-01
-2.818290562009573841e-01
-2.830351422530826833e-01
-2.840950107799459778e-01
-2.850349302732658741e-01
-2.858768447875092433e-01
-2.866388389970377371e-01
-2.873356944891650722e-01
-2.879792312136257859e-01
-2.885784282061802930e-01
-2.891390976809231628e-01
-2.896684521019641800e-01
-2.901769208787600696e-01
-2.906689627803818454e-01
-2.911431739687571074e-01
-2.916015471911388990e-01
-2.920459947619416519e-01
-2.924770787209986511e-01
-2.928948062589423751e-01
-2.933007211215021837e-01
-2.936957870290653472e-01
-2.940802324054091477e-01
-2.944537871133969809e-01
-2.948154423771567889e-01
-2.951639680210293437e-01
-2.954990006810576664e-01
-2.958224913310365523e-01
-2.961393148045687873e-01
-2.964500732050044940e-01
-2.967537478313004295e-01
-2.970495969629094457e-01
-2.973367024147101634e-01
-2.976140485203890851e-01
-2.978804272349368509e-01
-2.981352842832332706e-01
-2.983783724404686089e-01
-2.986087678105622256e-01
-2.988248015805315960e-01
-2.990235374189458284e-01
-2.992031589633147304e-01
-2.993638648708798478e-01
-2.995051165587296338e-01
-2.996270246693211736e-01
-2.997344347908723616e-01
-2.998359332185407400e-01
-2.999275442882821108e-01
-2.999893887280798976e-01
-3.000084523891083377e-01
-3.000000479539212117e-01
-2.999698257494594622e-01
-2.999234388309852117e-01
-2.998881908929478257e-01
-2.998912408173106114e-01
-2.999258347980953698e-01
-2.999559832374724122e-01
-2.999396280860205377e-01
-2.998686225479706424e-01
-2.997637753183209908e-01
-2.996353079375927986e-01
-2.995056300112968195e-01
