0.000000000000000000e+00
6.046124922966477300e+00
1.209224984593295282e+01
1.813837251851726506e+01
2.417580575440959834e+01
3.011499420190964571e+01
3.586954444811998854e+01
4.137242358584544633e+01
4.656997761539317082e+01
5.140602398866955980e+01
5.581764628472962642e+01
5.974776655624119570e+01
6.316702196534906477e+01
6.610414478974816177e+01
6.862914763414146080e+01
7.082081897569288742e+01
7.274927244789161307e+01
7.447030241387426486e+01
7.934888811895535810e+01
8.155927180748716410e+01
8.316646859868551189e+01
8.454864597238902491e+01
8.580311021213252332e+01
8.696659059071146203e+01
8.805836774775058018e+01
8.909089829840529262e+01
9.007322089228094342e+01
9.101234530235164755e+01
9.191393613859074208e+01
9.278272301429478830e+01
9.362283226370759337e+01
9.443817211426852509e+01
9.523215683477445737e+01
9.600765019040703407e+01
9.676872839149514505e+01
9.751949394049668740e+01
9.826278213170009224e+01
9.899970310127544337e+01
9.973177622740709580e+01
1.004615328086280215e+02
1.011896248678039854e+02
1.019169270800141476e+02
1.026457030786571067e+02
1.033786653076299444e+02
1.041171061786440220e+02
1.048642923920118903e+02
1.056231071864683315e+02
1.063936480933364237e+02
1.071756144785306191e+02
1.079701070646369772e+02
1.087786993057308536e+02
1.096019657839410542e+02
1.104400258308121323e+02
1.112929820305641186e+02
1.121620494785157689e+02
1.130489345162656321e+02
1.139573903687056600e+02
1.148905220623314278e+02
1.158479956198897582e+02
1.168286914670106569e+02
1.178348356201567100e+02
1.188717497834383607e+02
1.199431972840360174e+02
1.210502121003136580e+02
1.221934713496821843e+02
1.233751317536608951e+02
1.245974591432868124e+02
1.258656625380125149e+02
1.271858793957248537e+02
1.285620745760160446e+02
1.299967135775033285e+02
1.314917293874553934e+02
1.330494935033609920e+02
1.346757416534690321e+02
1.363801375176725799e+02
1.381740156706590597e+02
1.400681288894436989e+02
1.420740424978244789e+02
1.442023143578950055e+02
1.464607435725828850e+02
1.488537474563199794e+02
1.513795169848475552e+02
1.540313052036656529e+02
1.568012381104113331e+02
1.596819976382164157e+02
1.626654462940276176e+02
1.657427535623048698e+02
1.689075327156810715e+02
1.721549917383655668e+02
1.754811993352162460e+02
1.788819788959856396e+02
1.823538989456856143e+02
1.858948196254047218e+02
1.895046859292812655e+02
1.931838100164575565e+02
1.969311661795708517e+02
2.007450294830879614e+02
2.046244382715209440e+02
2.085682365981172381e+02
2.125747280256856016e+02
2.166420298139078966e+02
