0.000000000000000000e+00
3.913268465036073407e-10
3.913268465036073407e-10
8.488435293059391613e-10
2.001239578532158398e-06
2.893826175271538173e-05
1.088726927493167702e-04
2.737459046721427971e-04
5.580586508472365134e-04
1.004394840008441961e-03
1.664620542153519896e-03
2.593915799693483765e-03
3.833998089127829603e-03
5.387025784953814768e-03
7.220652319497973363e-03
9.289798032744473952e-03
1.155087918289878640e-02
1.396769088323648531e-02
1.601001597387853581e-02
1.849723703096671501e-02
2.115516823372854543e-02
2.391618422968494473e-02
2.675484268915189964e-02
2.965731912381236110e-02
3.261427600044559255e-02
3.561867522555346721e-02
3.866490873119118876e-02
4.174838082458438154e-02
4.486525372951966767e-02
4.801225185184111038e-02
5.118647208537293464e-02
5.438540240871752446e-02
5.760692713634870538e-02
6.084879455485329991e-02
6.410892440205089027e-02
6.738574711323609689e-02
7.067835195131624837e-02
7.398575506989236994e-02
7.730656761749635231e-02
8.064015945909681904e-02
8.398575072464371793e-02
8.734222226879168050e-02
9.070820146121170990e-02
9.408300405337573225e-02
9.746532812873531793e-02
1.008539363112068293e-01
1.042486778177071499e-01
1.076495077430722758e-01
1.110557281123688844e-01
1.144663847310825877e-01
1.178808836509819408e-01
1.212988730070090893e-01
1.247198100473008581e-01
1.281428721467797738e-01
1.315673824757805643e-01
1.349915416727658635e-01
1.384135143701024639e-01
1.418330138651618666e-01
1.452503983202359517e-01
1.486645646268385246e-01
1.520727449570869749e-01
1.554732036393858818e-01
1.588653014301504851e-01
1.622480027860930818e-01
1.656196251254029028e-01
1.689791204370982292e-01
1.723242812100800603e-01
1.756520025462263157e-01
1.789596667989893364e-01
1.822456047117321787e-01
1.855088469316324706e-01
1.887487527252141306e-01
1.919628664101686311e-01
1.951464279323278095e-01
1.982927683993352674e-01
2.013957710115973909e-01
2.044494499757401329e-01
2.074474766322373931e-01
2.103852461790181316e-01
2.132592719924173430e-01
2.160695820930553235e-01
2.188199686442142133e-01
2.215150508335234636e-01
2.241578415044575834e-01
2.267515748032667700e-01
2.293011030312891441e-01
2.318094095761534801e-01
2.342788108850218376e-01
2.367113770238069292e-01
2.391084031497378581e-01
2.414709982902854823e-01
2.438000214011289968e-01
2.460955454665156306e-01
2.483567008636814455e-01
2.505830393355928387e-01
2.527748511246725727e-01
2.549322576732943046e-01
2.570548076229932644e-01
2.591426950662736317e-01
2.611962193116613706e-01
2.632154467499326356e-01
