-6.307455985177683466e+00
-1.261491197035538114e+01
-1.892236795553290207e+01
-2.522982394035139464e+01
-3.153727970840877504e+01
-3.784472502847941655e+01
-4.415204573127246590e+01
-5.045884110278240797e+01
-5.675960889923491237e+01
-6.301803764846368949e+01
-6.914157389828923783e+01
-7.502669677190601760e+01
-8.058609063818843765e+01
-8.640804441632593580e+01
-9.146777119890218444e+01
-9.598296428671019953e+01
-9.999153934968288127e+01
-1.035436543692875091e+02
-1.067037727732454613e+02
-1.095369827816660262e+02
-1.121007678175828630e+02
-1.144424597177254981e+02
-1.165997459679099535e+02
-1.186022924636105103e+02
-1.204734904454486752e+02
-1.222319541643464191e+02
-1.238926907456469593e+02
-1.254679479270104707e+02
-1.269678381231401261e+02
-1.284008168309308644e+02
-1.297740629592335608e+02
-1.310937530812990985e+02
-1.323652398979039049e+02
-1.335932060507587948e+02
-1.347816433782968488e+02
-1.359340113155031133e+02
-1.370534607702224150e+02
-1.381428221897022013e+02
-1.392046903839513732e+02
-1.402415309199361673e+02
-1.412556299248177822e+02
-1.422490726354466517e+02
-1.432237979109993944e+02
-1.441817194299565017e+02
-1.451249074318642158e+02
-1.460557047684458212e+02
-1.469766408353202110e+02
-1.478902508712030510e+02
-1.487992817179280109e+02
-1.497071746537967272e+02
-1.506172887576648236e+02
-1.515316693141763551e+02
-1.524512894868400394e+02
-1.533777213547457166e+02
-1.543132613924279326e+02
-1.552599686084609800e+02
-1.562194042297965950e+02
-1.571927206025745534e+02
-1.581806358974401974e+02
-1.591838329800272902e+02
-1.602038689272271768e+02
-1.612429726609369141e+02
-1.623025251238483975e+02
-1.633824346378480641e+02
-1.644823624472572590e+02
-1.656022565686122334e+02
-1.667418533203312450e+02
-1.679005959351755735e+02
-1.690782027733201289e+02
-1.702745578181999804e+02
-1.714892507700041051e+02
-1.727218439493208280e+02
-1.739722670572031689e+02
-1.752407827089191414e+02
-1.765282008733863961e+02
-1.778351458034080679e+02
-1.791613949773954175e+02
-1.805064907288129632e+02
-1.818703718006798056e+02
-1.832534448897166328e+02
-1.846562331198215077e+02
-1.860793692307121887e+02
-1.875238549600653926e+02
-1.889908018000000709e+02
-1.904807319233163412e+02
-1.919932605112336717e+02
-1.935275562938275016e+02
-1.950830205820604419e+02
-1.966596694103579068e+02
-1.982581738139950289e+02
-1.998794472724576963e+02
-2.015242388523269312e+02
-2.031933887029446169e+02
-2.048878141450664998e+02
-2.066085080058209371e+02
-2.083566894026934904e+02
-2.101331143639139327e+02
-2.119376437210835320e+02
-2.137699722108942808e+02
-2.156304469967716102e+02
