3.049264670283315937e+00
6.098529340566631873e+00
9.147794010849992219e+00
1.219705868113325842e+01
1.524632265470252612e+01
1.829528136965125995e+01
2.133777029299867323e+01
2.434643101550961575e+01
2.728062230791209686e+01
3.011821810996871207e+01
3.285275749187790950e+01
3.547471943978267461e+01
3.796641321470911379e+01
4.030518386106821538e+01
4.247242305083414493e+01
4.445966536806372460e+01
4.626913594070185809e+01
4.790996860077262909e+01
4.968308864785787193e+01
5.107463099256648320e+01
5.228192929127099120e+01
5.335551344295936360e+01
5.431945392832692221e+01
5.519089964311995544e+01
5.598391372128568122e+01
5.671030727967397667e+01
5.737994236212834664e+01
5.800102405162282793e+01
5.858038333028521549e+01
5.912371938271051164e+01
5.963580183032936333e+01
6.012063961283504199e+01
6.058161758158485810e+01
6.102160380255449468e+01
6.144303770702774870e+01
6.184800743355570773e+01
6.223831703378616709e+01
6.261554015252214356e+01
6.298105920618738907e+01
6.333609278462333947e+01
6.368171626596044632e+01
6.401888035671819921e+01
6.434843096482237002e+01
6.467109980347542830e+01
6.498752914354808752e+01
6.529830050222250293e+01
6.560394939949227933e+01
6.590495989419666500e+01
6.620177405780654567e+01
6.649480343993432996e+01
6.678444830844935609e+01
6.707107674728656832e+01
6.735497683967234650e+01
6.763630985461540490e+01
6.791533709002639796e+01
6.819233136734894174e+01
6.846755154242686103e+01
6.874135794842165126e+01
6.901404658927383196e+01
6.928595871721454102e+01
6.955742624422805420e+01
6.982863784311815891e+01
7.009978009132092325e+01
7.037113017068735132e+01
7.064308668878506126e+01
7.091611860551469704e+01
7.119060061310619858e+01
7.146684465628861460e+01
7.174520711615986102e+01
7.202611799014934491e+01
7.231001851460325724e+01
7.259753633504723780e+01
7.288936579317221742e+01
7.318614129725624196e+01
7.348814041670890163e+01
7.379555250587397097e+01
7.410885886968019065e+01
7.442855575366927212e+01
7.475499913172771471e+01
7.508834427392496025e+01
7.542900601910888270e+01
7.577756820374463587e+01
7.613440935185795411e+01
7.649984194919913705e+01
7.687442812289820893e+01
7.725891624006871439e+01
7.765378785462677058e+01
7.805935022949185509e+01
7.847619963179251101e+01
7.890585545439761006e+01
7.935044225900615800e+01
7.981189270363829280e+01
8.029136091316784984e+01
8.078950603195330871e+01
8.130722157611099021e+01
8.184610879477173739e+01
8.240778445087941861e+01
8.299346715674256814e+01
8.360483805166171578e+01
8.424398905158453488e+01
