-1.047029025523311814e-06
-2.094058051046610922e-06
-3.141087076570045132e-06
-4.188574917197618266e-06
-5.062568306636522011e-06
-6.454751347216164742e-06
-8.330591264294476072e-06
-9.831699538945844473e-06
-1.149458409223449294e-05
-1.380215637146077914e-05
-1.652452054580203625e-05
-1.952159774863785761e-05
-2.263317097251536591e-05
-2.587964793028912068e-05
-2.903138634348111948e-05
-3.210773837853693181e-05
-3.536923014126208562e-05
-3.647037688516453758e-05
-4.257998992261862229e-05
-4.375130787727928917e-05
-4.520326045625512232e-05
-4.717745550741395924e-05
-4.961663473846527337e-05
-5.242057669389537912e-05
-5.550396015502592810e-05
-5.878413362922455952e-05
-6.213833247246579804e-05
-6.547801805059442462e-05
-6.887415063485294417e-05
-7.226827606587338801e-05
-7.538874321140515589e-05
-7.800560830330412719e-05
-8.014994072476568532e-05
-8.187634410531237318e-05
-8.304732475227873166e-05
-8.363626626092723003e-05
-8.362683092000654911e-05
-8.304718434512199166e-05
-8.214930874095268721e-05
-8.100836916597218629e-05
-7.948476919131410414e-05
-7.726906160568365698e-05
-7.424983463395054876e-05
-7.084065043024172291e-05
-6.724935679228642271e-05
-6.361047151945204618e-05
-6.019255151467648666e-05
-5.727983503992085501e-05
-5.518363846381524036e-05
-5.406208263577682080e-05
-5.414604036202040686e-05
-5.560217152325421186e-05
-5.857221829296183259e-05
-6.289139557308653938e-05
-6.830325242905549562e-05
-7.425395298979816814e-05
-8.023563104585594412e-05
-8.585950552781401940e-05
-9.111299604501319664e-05
-9.632362703133017087e-05
-1.018487833500092670e-04
-1.078822123154853373e-04
-1.143875744675982886e-04
-1.213465424965194813e-04
-1.288134039148366647e-04
-1.368827802326214938e-04
-1.455870285381701457e-04
-1.547656758410918170e-04
-1.639814850461816602e-04
-1.726377958562721679e-04
-1.800088500886696250e-04
-1.856089239590446931e-04
-1.895905554518500483e-04
-1.922568718959425402e-04
-1.938761284920818818e-04
-1.944915302601893869e-04
-1.940280349013289579e-04
-1.922256027705355487e-04
-1.888509210073338845e-04
-1.839765218216418610e-04
-1.778189163230487401e-04
-1.708291731803843129e-04
-1.634776109939704858e-04
-1.562433294595339829e-04
-1.496116093546137930e-04
-1.438140385320829629e-04
-1.386015222378059479e-04
-1.336301476967067050e-04
-1.289700632905606519e-04
-1.248521400580916469e-04
-1.215284395197221507e-04
-1.193418537412051266e-04
-1.183824229014767017e-04
-1.186647205512106991e-04
-1.202560698932483835e-04
-1.230396562485315353e-04
-1.265919790577600570e-04
-1.305049094139738505e-04
-1.346381856358503542e-04
-1.390074570027456430e-04
