1.873975692505414070e-16
4.573300288815418391e-16
3.794707603699265519e-19
6.879238820570957730e-10
-2.018814208465494501e-06
4.719929410531913897e-06
4.936403899200237288e-05
4.560083170550044722e-05
1.982492176882375045e-05
-2.078080709828493454e-05
1.303135752184198361e-05
7.975411180121685321e-05
1.174441856420798563e-04
5.630626055177871941e-05
-2.835217752843806512e-05
-9.549473960082568297e-05
-1.777942499895484294e-04
-9.148169843152748407e-05
-5.481074161715873607e-04
-1.550901220159677310e-04
1.853377791757418545e-03
3.956953693212737246e-03
5.677573419388780643e-03
7.011457359158773488e-03
7.989295421287406426e-03
8.535294683668129614e-03
8.672845680168267402e-03
8.756540311985952854e-03
8.712198937324520942e-03
8.014942206448457881e-03
6.452755010748694592e-03
4.605995036904468945e-03
2.781732746192897704e-03
6.306734368628891772e-04
-1.739918734408912610e-03
-4.264215348973248755e-03
-6.776541567874922074e-03
-8.586545834057175003e-03
-9.767178016250967210e-03
-1.115683303880353819e-02
-1.358067202040893345e-02
-1.648557456768082533e-02
-1.812239543790197804e-02
-1.892649674253600242e-02
-1.938025894922887349e-02
-1.923600043740697138e-02
-1.829167492498658121e-02
-1.634993003466472458e-02
-1.351436202162320348e-02
-9.334435156197229064e-03
-4.019912752401064680e-03
2.100359203937500994e-03
7.887774663150513843e-03
1.263152769283898066e-02
1.539481184018426374e-02
1.611510855975546025e-02
1.519477982775804467e-02
1.392430249145699267e-02
1.368675489236451624e-02
1.470850029608090047e-02
1.626398864371635805e-02
1.764445703853326566e-02
1.900520874241087496e-02
2.068860477671529557e-02
2.296822150280043023e-02
2.551477276001313729e-02
2.747283116273332645e-02
2.780201000789916596e-02
2.568694514115013941e-02
2.047229953289639651e-02
1.315922471213463139e-02
6.299422267373440062e-03
4.873394824391030344e-04
-4.287089939085620902e-03
-9.100848222450472896e-03
-1.438224407460151830e-02
-2.105217417050790976e-02
-2.916974649559863839e-02
-3.725224999655410429e-02
-4.413692375624501257e-02
-4.855705333592515160e-02
-5.049662472819418935e-02
-5.019479912072550426e-02
-4.773249282157473322e-02
-4.424442331006785828e-02
-4.185722400610313726e-02
-4.117362996297527916e-02
-4.050260844797417409e-02
-3.885309413729326478e-02
-3.562127373737931924e-02
-3.019465690948872419e-02
-2.394592827030133861e-02
-1.749569320240008594e-02
-1.055715638497195866e-02
-4.113616202634362909e-03
4.226774603904230425e-04
3.276401382554279020e-03
5.325295803794392012e-03
7.008342655525182617e-03
7.981179320653479167e-03
