3.913268465036073407e-10
3.913268465036073407e-10
3.913268465036073407e-10
2.401995929257668062e-08
3.879803665155397254e-06
3.435575763363324495e-05
1.195520066500620351e-04
2.928814236029880715e-04
5.862655426657098793e-04
1.032414434631433869e-03
1.681472618805832575e-03
2.591347777373146245e-03
3.806497715217016953e-03
5.343022784885050405e-03
7.185495056630995109e-03
9.298586608730360567e-03
1.164131514288868803e-02
1.369007469270010560e-02
1.686144770389168268e-02
1.914142166015814564e-02
2.190919253663865460e-02
2.486196180577584375e-02
2.792476206954987508e-02
3.106983906672227541e-02
3.428238123032115170e-02
3.755234212003125127e-02
4.087208756584727321e-02
4.423538979888044786e-02
4.763662715039863188e-02
5.107133147368377729e-02
5.453599590455508739e-02
5.802768973760585869e-02
6.154381502577929014e-02
6.508286924944473029e-02
6.864284383780948351e-02
7.222179139113070467e-02
7.581781014605781799e-02
7.942841576458377351e-02
8.305120701540091854e-02
8.668542642785846686e-02
9.033050040695998761e-02
9.398480579049646455e-02
9.764684668560741354e-02
1.013157287932859169e-01
1.049909710597950047e-01
1.086714712814224326e-01
1.123559485679798547e-01
1.160422847472654118e-01
1.197288671859673970e-01
1.234143667769955627e-01
1.270972370551456121e-01
1.307762269102692443e-01
1.344502553626625019e-01
1.381174776250954361e-01
1.417764298435399140e-01
1.454264188831105031e-01
1.490666024834820247e-01
1.526959453131172262e-01
1.563133017172847472e-01
1.599169309484277934e-01
1.635039015878048951e-01
1.670716138291959141e-01
1.706169234333647367e-01
1.741373518812875942e-01
1.776311267928561699e-01
1.810955192781165679e-01
1.845262420494458433e-01
1.879176778446690899e-01
1.912643614493362565e-01
1.945602693346428491e-01
1.977993580420072672e-01
2.009763996526045815e-01
2.040885593601713122e-01
2.071356477940184126e-01
2.101202416321705790e-01
2.130457308871435695e-01
2.159149499160616381e-01
2.187306864487830460e-01
2.214963297792649222e-01
2.242149162300695608e-01
2.268895546826668053e-01
2.295236781289559380e-01
2.321197844187623538e-01
2.346792120316782138e-01
2.372026597182038954e-01
2.396902270620617781e-01
2.421413592332154474e-01
2.445550644886476943e-01
2.469304930172847301e-01
2.492670369958175924e-01
2.515650487858621109e-01
2.538259592291993161e-01
2.560514522552834737e-01
2.582419195455409322e-01
2.603973266978598100e-01
2.625172511505965978e-01
2.646017978751994404e-01
2.666517412434246670e-01
2.686679030105684762e-01
2.706507380206343294e-01
