-3.058716299776412129e+00
-6.117432599552833139e+00
-9.176148899329183095e+00
-1.223486519910567161e+01
-1.529357852886731273e+01
-1.835209783101587888e+01
-2.140765438960631784e+01
-2.444610647412636695e+01
-2.744101161465266969e+01
-3.036215927289681460e+01
-3.318687807047374605e+01
-3.589927359444889987e+01
-3.848375416919450487e+01
-4.092299958664621329e+01
-4.320329629406740679e+01
-4.531902256347822799e+01
-4.727308495493893048e+01
-4.907421983272092092e+01
-5.101162182280138779e+01
-5.261299397178445503e+01
-5.403875923503645140e+01
-5.533653003223871991e+01
-5.652959658787959540e+01
-5.763391903047801179e+01
-5.866210549733744273e+01
-5.962453811654403779e+01
-6.052985519161175176e+01
-6.138529402707021632e+01
-6.219694563055661263e+01
-6.296994929198903179e+01
-6.370865542867772291e+01
-6.441675963161898721e+01
-6.509740643264531457e+01
-6.575327354576634775e+01
-6.638664877535194364e+01
-6.699950220416384639e+01
-6.759354887476254703e+01
-6.817029760698906671e+01
-6.873108704674439196e+01
-6.927711328529740342e+01
-6.980945308402567662e+01
-7.032908608587889887e+01
-7.083691975361229254e+01
-7.133378159627385173e+01
-7.182039372130435595e+01
-7.229740619324984152e+01
-7.276544024440201497e+01
-7.322509928282177327e+01
-7.367696166921031420e+01
-7.412159596547920160e+01
-7.455959605352062169e+01
-7.499160481684239699e+01
-7.541824341813945409e+01
-7.583997686129660565e+01
-7.625712285745504460e+01
-7.667002627058793962e+01
-7.707900425817717860e+01
-7.748441446637131946e+01
-7.788677161849230401e+01
-7.828651914147329194e+01
-7.868394234696751255e+01
-7.907921602582295861e+01
-7.947268060154499381e+01
-7.986485868249049247e+01
-8.025625976971856801e+01
-8.064744423304402687e+01
-8.103905607457367921e+01
-8.143171990671758920e+01
-8.182607611730529129e+01
-8.222276723156228684e+01
-8.262238523268135282e+01
-8.302574933957276926e+01
-8.343386990648299673e+01
-8.384753438069469667e+01
-8.426684448726469157e+01
-8.469169795023499603e+01
-8.512254959119387365e+01
-8.556037690926110884e+01
-8.600606349370694659e+01
-8.646017242131345881e+01
-8.692294229258214955e+01
-8.739491640875850464e+01
-8.787696628339188010e+01
-8.836975528509101707e+01
-8.887382319089770988e+01
-8.938960613182190684e+01
-8.991752197152838733e+01
-9.045856426994112098e+01
-9.101381048972173460e+01
-9.158428625766323705e+01
-9.217121409079126693e+01
-9.277577171698840175e+01
-9.339889335966371675e+01
-9.404151073235105684e+01
-9.470442300892710819e+01
-9.538829987450613146e+01
-9.609421029383409518e+01
-9.682379777992611025e+01
-9.757949274348091251e+01
-9.836363475357764230e+01
