3.913268465036073407e-10
3.913268465036073407e-10
3.913268465036073407e-10
3.913268465036073407e-10
9.838872981423477332e-10
9.183456777424656475e-08
2.092185759397077363e-06
1.539200914715243079e-05
5.712387539041792462e-05
1.432193450364985167e-04
2.856428661184349073e-04
4.972880473604742932e-04
7.958029238788569574e-04
1.203228025456836272e-03
1.740091339541967493e-03
2.420119165206454943e-03
3.248609445978592990e-03
4.224512028059486737e-03
5.190378976197266084e-03
6.397719041012299088e-03
7.756487779918619548e-03
9.242049161777723607e-03
1.084019936704709412e-02
1.253909463167738290e-02
1.432785923555641473e-02
1.619647586835498004e-02
1.813589135719965301e-02
2.013805070555190965e-02
2.219585900131508874e-02
2.430311212120354197e-02
2.645441377123410737e-02
2.864508518891566852e-02
3.087107591857267061e-02
3.312888140356554795e-02
3.541546699294350481e-02
3.772819710101680407e-02
4.006477079880136488e-02
4.242316623806551001e-02
4.480159535958293249e-02
4.719846844079213233e-02
4.961236624943517887e-02
5.204201686960675116e-02
5.448627470375957266e-02
5.694412187215011634e-02
5.941464567846244799e-02
6.189701417718291437e-02
6.439046183686815417e-02
6.689428904550287491e-02
6.940785149513882535e-02
7.193054737099202622e-02
7.446179703035224473e-02
7.700106494322522810e-02
7.954788358354066002e-02
8.210190256028863931e-02
8.466272184376996690e-02
8.722995835750727012e-02
8.980326573793928624e-02
9.238223734081499328e-02
9.496650652552494909e-02
9.755574834992243594e-02
1.001496851047185138e-01
1.027481367117420302e-01
1.053508113642892818e-01
1.079573276409193650e-01
1.105673052960614577e-01
1.131803601860373598e-01
1.157961896466183083e-01
1.184145629926597609e-01
1.210351897990356862e-01
1.236576913324740346e-01
1.262817561477142247e-01
1.289069311695155706e-01
1.315327608997379216e-01
1.341589178263728754e-01
1.367853870000912686e-01
1.394121855501334883e-01
1.420389436564758745e-01
1.446651226289437930e-01
1.472904331494667984e-01
1.499147473713681733e-01
1.525378448421221556e-01
1.551592168144867168e-01
1.577783224861622480e-01
1.603947602648436999e-01
1.630079951410534911e-01
1.656175126973689071e-01
1.682229712318814296e-01
1.708237660773958555e-01
1.734190824292795863e-01
1.760078727183282121e-01
1.785888740285916099e-01
1.811609104662725012e-01
1.837231308598891999e-01
1.862748496853629809e-01
1.888153866637815870e-01
1.913438787112005657e-01
1.938591591336494002e-01
1.963598651323297528e-01
1.988442386003204110e-01
2.013105542656246361e-01
