8.505905439024008530e+00
1.701181087804802061e+01
2.551750600030748117e+01
3.402028369587136325e+01
4.250798265199482273e+01
5.086553309416870405e+01
5.872652926341620372e+01
6.560657907029624880e+01
7.134076007028745892e+01
7.606885055770707993e+01
7.997054158492285580e+01
8.324730988409334032e+01
8.608032309261351145e+01
8.859257829532253936e+01
9.086448801785755336e+01
9.811257728421006163e+01
1.020529400913723492e+02
1.048774034125205361e+02
1.071653723832023957e+02
1.091330388848849111e+02
1.108833562297633222e+02
1.124747109487054644e+02
1.139443807398257889e+02
1.153181368297833984e+02
1.166148368310190904e+02
1.178488986005146728e+02
1.190317394306678693e+02
1.201726878366735463e+02
1.212796349980619937e+02
1.223595559294247010e+02
1.234189982544672972e+02
1.244647339052120003e+02
1.255054091896676027e+02
1.265539442302213047e+02
1.276275043067423098e+02
1.287459826951800324e+02
1.299259602134077056e+02
1.311707984462286447e+02
1.324740897456428286e+02
1.338200253491608009e+02
1.351921943118937293e+02
1.365809457386542931e+02
1.379835611987035691e+02
1.394007439835395132e+02
1.408261097210878745e+02
1.422508003825193725e+02
1.436678304209291639e+02
1.450722440006697127e+02
1.464651746342944705e+02
1.478503791820019160e+02
1.492264122603295391e+02
1.505923284215245985e+02
1.519531868543470523e+02
1.533161803797097491e+02
1.546861696005100271e+02
1.560660645678599963e+02
1.574605589254183258e+02
1.588770046535762788e+02
1.603231553856697928e+02
1.618088199539638765e+02
1.633425987298112432e+02
1.649318615068088434e+02
1.665859570230012991e+02
1.683116209397618661e+02
1.701108241452435834e+02
1.719880703735766474e+02
1.739499900464800248e+02
1.760017228334087349e+02
1.781464204789709811e+02
1.803838353617177859e+02
1.827127514300154303e+02
1.851324567086547006e+02
1.876432956881936036e+02
1.902467778864375418e+02
1.929482545042035326e+02
1.957526890681085376e+02
1.986633660434494004e+02
2.016867411329673416e+02
2.048323087381069740e+02
2.081117572651082241e+02
2.115381500275683209e+02
2.151250997580222020e+02
2.188850672208050980e+02
2.228251284871501241e+02
2.269491090395108870e+02
2.312610009328000444e+02
2.357644188855952052e+02
2.404623494932374399e+02
2.453564377254143665e+02
2.504461218062253067e+02
2.557307704765822223e+02
2.612070914668532851e+02
2.668663738348106449e+02
2.726947297465609381e+02
2.786788932233600349e+02
2.848095953164665275e+02
2.910799606928220555e+02
2.974806929498100203e+02
3.040018083393376287e+02
3.106343467939200309e+02
