0.000000000000000000e+00
0.000000000000000000e+00
0.000000000000000000e+00
1.184049269857877538e-12
4.550268190315393055e-09
9.876772983801596161e-08
4.524991586380418860e-07
1.385160590437036674e-06
3.202135938199074277e-06
6.131091330623086057e-06
1.055430338001802982e-05
1.699302178493199036e-05
2.365181738373319884e-05
3.468752113691558496e-05
5.029180451204239699e-05
7.064945172277452279e-05
9.558728042359460129e-05
1.247047252641847047e-04
1.575223459164342506e-04
1.935757698312444897e-04
2.324536952655705446e-04
2.738026753150117750e-04
3.173211636202733291e-04
3.627523690329823806e-04
4.098777187917391888e-04
4.585111211093496962e-04
5.084936318237465863e-04
5.596888131514129831e-04
6.119785886320547753e-04
6.652588228997094802e-04
7.194390712932356323e-04
7.744436104019060884e-04
8.302041458009387816e-04
8.866623655801660498e-04
9.437680047435120009e-04
1.001483680621654149e-03
1.059775861415201536e-03
1.118608280644058876e-03
1.177947701586858856e-03
1.237766485336257031e-03
1.298037892755657960e-03
1.358734943702657582e-03
1.419834010152300468e-03
1.481315190873241667e-03
1.543159755206206926e-03
1.605347556314319938e-03
1.667862948856826000e-03
1.730690070121511251e-03
1.793813369647098525e-03
1.857217039397282511e-03
1.920889173619216720e-03
1.984823221346472544e-03
2.049009914777156442e-03
2.113436248827436307e-03
2.178093074679930512e-03
2.242976365015624321e-03
2.308079678007391757e-03
2.373401152281783347e-03
2.438941902886202027e-03
2.504699228216149091e-03
2.570668874379127607e-03
2.636843529719217535e-03
2.703216265708161675e-03
2.769782845066987020e-03
2.836542888601006635e-03
2.903495526431970359e-03
2.970636051152022745e-03
3.037963129392883856e-03
3.105480987032830775e-03
3.173189915715497657e-03
3.241085701768222412e-03
3.309166448899475421e-03
3.377433973980668684e-03
3.445882868675018140e-03
3.514512966741913970e-03
3.583326459745332041e-03
3.652321533127572944e-03
3.721496883637249228e-03
3.790855394212910671e-03
3.860397142999069837e-03
3.930119100493666487e-03
4.000024985009975088e-03
4.070116754470600069e-03
4.140394655631674317e-03
4.210858187390127336e-03
4.281505114335579752e-03
4.352326156513004057e-03
4.423309530273797363e-03
4.494439921554928101e-03
4.565704279439952371e-03
4.637096496909307378e-03
4.708609953164425745e-03
4.780230038154185436e-03
4.851937635801225647e-03
4.923708272594739914e-03
4.995511018952215887e-03
5.067312960343187817e-03
5.139074412816736943e-03
5.210753990148149495e-03
5.282315366621970730e-03
5.353734803583866733e-03
