0.000000000000000000e+00
0.000000000000000000e+00
0.000000000000000000e+00
4.737215956299679074e-13
-1.851727316911926767e-09
-1.183229882118652140e-08
-1.106595613009611346e-08
-3.584420949613716795e-09
-2.408908105950163017e-08
-6.274622610439701994e-08
-1.070063703349183139e-07
-1.583222351763674652e-07
-1.780470204577227073e-07
-2.144130709850828979e-07
-2.622184780419320611e-07
-3.165813992231635743e-07
-3.734273921661595335e-07
-4.289520279133118796e-07
-4.808966266602687085e-07
-5.297655651714820493e-07
-5.772733016207298746e-07
-6.248527634774427244e-07
-6.732361461350626933e-07
-7.222333884090573406e-07
-7.706180468000341664e-07
-8.164537469648371960e-07
-8.577857856487961785e-07
-8.931877715742822837e-07
-9.214803483113029866e-07
-9.397966660060171771e-07
-9.452978902890421020e-07
-9.408372680787335541e-07
-9.286936303964900599e-07
-9.068219833282475645e-07
-8.745835210744514443e-07
-8.348970237422530053e-07
-7.904616741026737172e-07
-7.410300317737889153e-07
-6.875582013927470318e-07
-6.316044602700484998e-07
-5.747845375475928338e-07
-5.171794551637704433e-07
-4.598482793481075480e-07
-4.066936804855128326e-07
-3.608648572129483775e-07
-3.223424344783793285e-07
-2.925047807422354705e-07
-2.757305899256977049e-07
-2.738391744490997178e-07
-2.860201405347413174e-07
-3.135856208515444939e-07
-3.569928583505667274e-07
-4.103486901080695235e-07
-4.656869641422736704e-07
-5.204750102797329651e-07
-5.764051576888394520e-07
-6.349810377641221747e-07
-6.999751538802262017e-07
-7.709757880383295707e-07
-8.430918531480142555e-07
-9.088215143734031399e-07
-9.612583658810468965e-07
-9.954862660870525240e-07
-1.006620262262137898e-06
-9.893006895516486919e-07
-9.424943790790840986e-07
-8.683974445922779016e-07
-7.714116781110245747e-07
-6.569910503989352128e-07
-5.275866663235899362e-07
-3.861228285138275573e-07
-2.393004927811086543e-07
-9.146867290187783893e-08
5.501097349897669673e-08
1.963749417158449419e-07
3.311105330460546962e-07
4.563985563732984711e-07
5.693432220221186535e-07
6.683587906696072210e-07
7.509393045560159742e-07
8.126742044654404626e-07
8.567136318032959668e-07
8.827201146323545071e-07
8.763705451857631896e-07
8.284533632562211206e-07
7.438014367614244897e-07
6.400202307782778240e-07
5.440750251063580538e-07
4.814096039642703110e-07
4.636685941731505319e-07
4.866053870747248062e-07
5.375700790812913774e-07
6.031981457901913678e-07
6.732145820406944564e-07
7.428835905656736874e-07
8.138113782498307022e-07
8.895321912912169207e-07
9.760927985816606873e-07
1.083321281093370642e-06
1.218456907606152364e-06
1.380373095828757651e-06
