0.000000000000000000e+00
0.000000000000000000e+00
0.000000000000000000e+00
8.543582816044121817e-13
6.294293804584144954e-10
1.570972565017673495e-09
-9.909296925864178692e-10
1.056315083683971127e-08
3.661340814238368679e-08
7.297592466321141219e-08
9.317295386781499143e-08
8.613938452989901209e-08
6.772309200063831200e-08
4.874231815443149967e-08
2.737632693609793999e-08
-1.632502034366286971e-09
-3.310341473484111892e-08
-5.925744383515706699e-08
-7.726137903943192925e-08
-8.855335744500556406e-08
-9.495972077395547228e-08
-9.693529424285723200e-08
-9.416256255260559862e-08
-8.671114179567490111e-08
-7.553948688768371446e-08
-6.207548633353738892e-08
-4.757396476680104166e-08
-3.275037327165286484e-08
-1.767737854149973400e-08
-1.781568914931103203e-09
1.583319224329237534e-08
3.778274815829720374e-08
6.928656162268684727e-08
1.089358929191275168e-07
1.489382733325980657e-07
1.878309126741182464e-07
2.294296038187373612e-07
2.787207991934919021e-07
3.373756104446633173e-07
4.046883624344564270e-07
4.812487944406652023e-07
5.696142563452815029e-07
6.712779310952918669e-07
7.837641297628883975e-07
8.982606446313497762e-07
1.004643311617612136e-06
1.099774252912540384e-06
1.184730703435885647e-06
1.262886735172509340e-06
1.336413401292137471e-06
1.402382247750186998e-06
1.461931926105948060e-06
1.518940857273774660e-06
1.573229329192540556e-06
1.616361852360708766e-06
1.644974351508506859e-06
1.655963861876800428e-06
1.651801956724406832e-06
1.637033955126151570e-06
1.613783350210752668e-06
1.581854372492480120e-06
1.538546281131224705e-06
1.480258971581990800e-06
1.401678028523671537e-06
1.293602356949130341e-06
1.150173381705214979e-06
9.749442547770267262e-07
7.757737470768130812e-07
5.644048467149357779e-07
3.472152613421477588e-07
1.284560943958117390e-07
-8.671266769839011323e-08
-2.978629229168483211e-07
-5.037285083865920963e-07
-7.027139889061016216e-07
-8.886101653254802224e-07
-1.056992236322714896e-06
-1.207730075043612492e-06
-1.335949754822024990e-06
-1.432089923873732689e-06
-1.486485330767828185e-06
-1.495238578042852949e-06
-1.462873642968657031e-06
-1.400481057318521208e-06
-1.323444284161373567e-06
-1.240991232258130134e-06
-1.155218489231675808e-06
-1.077196128078981767e-06
-1.023551764873434299e-06
-1.011545445938681882e-06
-1.053116906274378585e-06
-1.152773791572784967e-06
-1.311241898020857747e-06
-1.527126891391787032e-06
-1.797382512563261265e-06
-2.113602842589424300e-06
-2.464619796874015080e-06
-2.837190440378632374e-06
-3.224987577631323064e-06
-3.617826051895520567e-06
-3.991234963195678047e-06
