0.000000000000000000e+00
0.000000000000000000e+00
0.000000000000000000e+00
-5.805184039560729874e-13
-2.200266026969838261e-09
-4.908515730272757644e-08
-2.248994274713841532e-07
-6.879065104266908516e-07
-1.589213768633956447e-06
-3.042457172895396999e-06
-5.241088438243936470e-06
-8.449176097822081409e-06
-1.177890859604876734e-05
-1.729609493950715488e-05
-2.509690201805792490e-05
-3.527369768309221318e-05
-4.773963934730035362e-05
-6.229510494068606346e-05
-7.870152636155681623e-05
-9.672738199054555614e-05
-1.161672977606121069e-04
-1.368449930592449497e-04
-1.586102514783156031e-04
-1.813350738804264054e-04
-2.049103525972063573e-04
-2.292430417399620596e-04
-2.542534895311291949e-04
-2.798731513839568382e-04
-3.060425776289798800e-04
-3.327091784818332512e-04
-3.598272319799970158e-04
-3.873588040837759898e-04
-4.152706726096637392e-04
-4.435350910682424666e-04
-4.721274355113963973e-04
-5.010283688343668447e-04
-5.302207338276167031e-04
-5.596869172255185135e-04
-5.894116320780488352e-04
-6.193822376053758315e-04
-6.495847059624682051e-04
-6.800046347346814851e-04
-7.106295438076059906e-04
-7.414480055160884743e-04
-7.724482887511973381e-04
-8.036191957070362886e-04
-8.349534286289411918e-04
-8.664422483598938855e-04
-8.980768126195223843e-04
-9.298488607145451472e-04
-9.617527519405738969e-04
-9.937865806523065934e-04
-1.025947634267002778e-03
-1.058230924455315965e-03
-1.090632175600193040e-03
-1.123148401025049785e-03
-1.155774981411170901e-03
-1.188510129234142529e-03
-1.221353886172771123e-03
-1.254304145799278172e-03
-1.287357648908069897e-03
-1.320509212500130649e-03
-1.353754593152826100e-03
-1.387091772077963430e-03
-1.420521047029726794e-03
-1.454041075145642197e-03
-1.487650537275138091e-03
-1.521351144218984841e-03
-1.555146301062368700e-03
-1.589035301433313566e-03
-1.623014864403319419e-03
-1.657083711476400097e-03
-1.691242776559920887e-03
-1.725487087335068588e-03
-1.759813684741089179e-03
-1.794223522663033468e-03
-1.828718384442101210e-03
-1.863300009411599997e-03
-1.897969277247503169e-03
-1.932725900748203827e-03
-1.967569534718125856e-03
-2.002503566691038808e-03
-2.037530735586609923e-03
-2.072653392655936233e-03
-2.107871785028018596e-03
-2.143183649007303522e-03
-2.178582851900795220e-03
-2.214062674198339666e-03
-2.249616384858273144e-03
-2.285238193051731485e-03
-2.320924802316812630e-03
-2.356672253786659850e-03
-2.392472145175813299e-03
-2.428313891241626592e-03
-2.464183892921387436e-03
-2.500064761977544188e-03
-2.535937534976901581e-03
-2.571781544934990775e-03
-2.607577533857252487e-03
-2.643308484498586245e-03
-2.678963891497384078e-03
