0.000000000000000000e+00
0.000000000000000000e+00
0.000000000000000000e+00
-5.068522002428844555e-15
-2.204646987125686171e-11
-2.593785562292957650e-10
-5.791667564002342765e-10
2.389198749368643639e-09
4.430867174692922796e-09
2.986912974139719026e-09
3.659004174589832947e-09
3.171774071177551400e-09
1.759444434304198140e-10
-4.039854958916451333e-09
-9.899997351855759148e-09
-1.710004485164690287e-08
-2.377715782511711011e-08
-2.815003458366465368e-08
-2.971612840038318060e-08
-2.919069250695123483e-08
-2.748978855862752481e-08
-2.505143754297783230e-08
-2.180275665224970902e-08
-1.746084605898836759e-08
-1.181720625806480213e-08
-4.839048075597216503e-09
3.413210447957217695e-09
1.291915435447940319e-08
2.379891940713289523e-08
3.651795963874710877e-08
5.138757939560713980e-08
6.778770864561610672e-08
8.496593699154910370e-08
1.014673821359602898e-07
1.152372112825493190e-07
1.259726352163620580e-07
1.338963481807022653e-07
1.394441590906202786e-07
1.437980354799900887e-07
1.476532024583788379e-07
1.516667812060799170e-07
1.561012928325527368e-07
1.592065243247834261e-07
1.588081775141842652e-07
1.549610263261990009e-07
1.492506920439321962e-07
1.432640754355170369e-07
1.359806538503509246e-07
1.247607673282236158e-07
1.084443766620972021e-07
8.773206591899967746e-08
6.441293984755179419e-08
4.004973870727397390e-08
1.729654685322492040e-08
-8.777387469576146370e-10
-1.194093606761278569e-08
-1.392470425796033273e-08
-6.650906212060177700e-09
8.378124350371873681e-09
2.799462549639993621e-08
4.907267081987233894e-08
6.859064207729401325e-08
8.476907533422244925e-08
9.684378909318423105e-08
1.036881023652116700e-07
1.044376691808054449e-07
9.910240990024465314e-08
8.785824736125715744e-08
7.080709877498394574e-08
4.917047995678360848e-08
2.554063376938080379e-08
2.299835084599856461e-09
-1.920697001535830700e-08
-3.966900524948352356e-08
-6.033516943142795481e-08
-8.112194832472311674e-08
-1.012652178167862943e-07
-1.195973456932825075e-07
-1.349460517758342918e-07
-1.456398037652432069e-07
-1.488727290195537378e-07
-1.412634241540493943e-07
-1.206551229329755140e-07
-8.750790887397543967e-08
-4.449523407471077843e-08
5.877150295966191921e-09
6.186326754178260703e-08
1.229391084985936438e-07
1.899094857639376345e-07
2.640679246456207893e-07
3.465007114222770237e-07
4.368513539147886831e-07
5.330191053614006627e-07
6.338506909512877108e-07
7.410916225637856409e-07
8.578914389953478236e-07
9.855089025696055455e-07
1.123007635912087982e-06
1.267825276698427324e-06
1.417840140298505555e-06
1.570699360548279196e-06
