0.000000000000000000e+00
0.000000000000000000e+00
0.000000000000000000e+00
-6.035308659018046516e-13
-2.350002163345551072e-09
-4.968257253528839841e-08
-2.275997311666574151e-07
-6.972540800103500579e-07
-1.612922169565113383e-06
-3.088634157727629342e-06
-5.313214941774067093e-06
-8.543845687109964858e-06
-1.187290878768427056e-05
-1.739142619740871129e-05
-2.519490249398489900e-05
-3.537575403968115087e-05
-4.784764107629404438e-05
-6.240962032349855993e-05
-7.882081955487452054e-05
-9.684838784069669734e-05
-1.162863975049623544e-04
-1.369576822557605370e-04
-1.587109121419591354e-04
-1.814172951525474099e-04
-2.049673661945352438e-04
-2.292680793693887479e-04
-2.542401422926111030e-04
-2.798156617674638969e-04
-3.059360110030618306e-04
-3.325496444178815416e-04
-3.596118393132194803e-04
-3.870848063181456570e-04
-4.149334731912734703e-04
-4.431272745119130122e-04
-4.716405692321406487e-04
-5.004553117873132171e-04
-5.295551275875853749e-04
-5.589213634185194370e-04
-5.885360695088234654e-04
-6.183842477309092799e-04
-6.484531867931976699e-04
-6.787303089679726275e-04
-7.092044663447041267e-04
-7.398671853572154258e-04
-7.707114664549701228e-04
-8.017283606072650014e-04
-8.329095202278685457e-04
-8.642478217615825629e-04
-8.957365570276086672e-04
-9.273681786827279311e-04
-9.591364216786204882e-04
-9.910366406942043311e-04
-1.023062280510183370e-03
-1.055205324372159807e-03
-1.087460899079683478e-03
-1.119827963990593618e-03
-1.152304696596231047e-03
-1.184891023047644288e-03
-1.217588016713428518e-03
-1.250395082416796543e-03
-1.283311225471068986e-03
-1.316334317219017063e-03
-1.349461672555315192e-03
-1.382691072989082788e-03
-1.416021841571264879e-03
-1.449454451286411646e-03
-1.482985513876866873e-03
-1.516611985173850659e-03
-1.550334685970388348e-03
-1.584154614282197535e-03
-1.618070837364983007e-03
-1.652082737423039979e-03
-1.686191197420663012e-03
-1.720395781339887102e-03
-1.754699282000874664e-03
-1.789102937082219427e-03
-1.823603148685659951e-03
-1.858196874225627113e-03
-1.892886116965418562e-03
-1.927671242250821992e-03
-1.962549565775508105e-03
-1.997521418318844773e-03
-2.032586018884041754e-03
-2.067741262975573285e-03
-2.102986402362080117e-03
-2.138321465328132682e-03
-2.173743304612261312e-03
-2.209246856075367926e-03
-2.244823536696567787e-03
-2.280466086388082108e-03
-2.316171694592433165e-03
-2.351937699377703011e-03
-2.387757892978117566e-03
-2.423623744559596453e-03
-2.459524379673478679e-03
-2.495446256974571952e-03
-2.531375425366248939e-03
-2.567292867881813389e-03
-2.603176456290887900e-03
-2.639006882123396194e-03
-2.674770912086428445e-03
