0.000000000000000000e+00
5.565404341999815152e+00
1.113080868399962675e+01
1.669621255030300588e+01
2.226039859231801898e+01
2.780516897686498368e+01
3.330161792711938773e+01
3.870330649251596355e+01
4.397494084800209890e+01
4.909657356063603117e+01
5.403380337278719026e+01
5.874419525246106133e+01
6.395721446232223428e+01
6.848678074204742927e+01
7.254838591943988035e+01
7.618682840146172452e+01
7.943894102376866329e+01
8.235070947858156387e+01
8.497020217371471063e+01
8.734133574442824965e+01
8.950158901182231830e+01
9.148215320768875358e+01
9.330881224658891426e+01
9.500286898543619429e+01
9.658196355194957050e+01
9.806076445598826297e+01
9.945155098204013200e+01
1.007646873017294524e+02
1.020090341453622216e+02
1.031923879718565047e+02
1.043218447468020855e+02
1.054033758448168641e+02
1.064417852439132304e+02
1.074418241494663420e+02
1.084077596902684348e+02
1.093428512590370474e+02
1.102489720051733713e+02
1.111281662686087941e+02
1.119831370113790143e+02
1.128164280539227207e+02
1.136298395816022690e+02
1.144251344136912962e+02
1.152042115873264265e+02
1.159687228333713591e+02
1.167198531348887940e+02
1.174589211407904088e+02
1.181874248724504639e+02
1.189067376661740809e+02
1.196182815982823939e+02
1.203237943798836511e+02
1.210250356846229636e+02
1.217231289010230455e+02
1.224188481957845624e+02
1.231133583234574047e+02
1.238078451701653648e+02
1.245030271997267448e+02
1.251993808164567525e+02
1.258973405398906635e+02
1.265970162033344906e+02
1.272984410937455237e+02
1.280020628219109540e+02
1.287086780749223180e+02
1.294194069795051973e+02
1.301353180876683950e+02
1.308571454323752334e+02
1.315853582705576912e+02
1.323207457812055736e+02
1.330642512696730932e+02
1.338163694778841943e+02
1.345772821991543822e+02
1.353474458603414519e+02
1.361275426747384643e+02
1.369179965041405751e+02
1.377192986178115461e+02
1.385320555362678476e+02
1.393565192082837427e+02
1.401930210046331808e+02
1.410420251621544310e+02
1.419038902942465086e+02
1.427791379016962026e+02
1.436685194244712704e+02
1.445725599497510245e+02
1.454915343932374014e+02
1.464257608356043079e+02
1.473755914016877000e+02
1.483414800431861522e+02
1.493241653145531416e+02
1.503247271823230165e+02
1.513446152922433896e+02
1.523852973518064857e+02
1.534477160134930784e+02
1.545327143816500097e+02
1.556416405773469478e+02
1.567762687300873665e+02
1.579387381951242446e+02
1.591316530968073550e+02
1.603579917290605579e+02
1.616212129937580073e+02
1.629250642737930548e+02
1.642730512440822679e+02
1.656678339157225537e+02
