1.497301286539044041e+00
2.994602573078232854e+00
4.491895817440204830e+00
5.986626146845271279e+00
7.461565868185576988e+00
8.927047435877156545e+00
1.037369845088029763e+01
1.178939510707362182e+01
1.317253858543003631e+01
1.450362245759029634e+01
1.576240075232830229e+01
1.950119389218049193e+01
2.061995674748789042e+01
2.176633182275619305e+01
2.281077106725214776e+01
2.374050202049754787e+01
2.456811698641139685e+01
2.530928290948782333e+01
2.597895135629253716e+01
2.658874317751101302e+01
2.714635060420761903e+01
2.765871926165396744e+01
2.813205865936432204e+01
2.857118411580799133e+01
2.897988619241738917e+01
2.936144348693628459e+01
2.971863617114489386e+01
3.005466762988711693e+01
3.037225109302331916e+01
3.067187144177191982e+01
3.095916190742716623e+01
3.123559161997893696e+01
3.150025316721522373e+01
3.175172021865099836e+01
3.199456187713676414e+01
3.223002561099709595e+01
3.245645318296549675e+01
3.267581572216696628e+01
3.289122484787780110e+01
3.310064841908643984e+01
3.330271157093709178e+01
3.349979010950879399e+01
3.369248960739501086e+01
3.388060194846268303e+01
3.406418843084825454e+01
3.424550542961458177e+01
3.442545059471136426e+01
3.460258851987443052e+01
3.477966586818351402e+01
3.495778824704717636e+01
3.513544019506228722e+01
3.531077682224749026e+01
3.548595821146736284e+01
3.565999855404055552e+01
3.583221949898706526e+01
3.600441471052674558e+01
3.617794131296177795e+01
3.635279696108820247e+01
3.652774480800406565e+01
3.670185301641496523e+01
3.687599387257490235e+01
3.705060964227403986e+01
3.722742684469541530e+01
3.740784586326914507e+01
3.759101314395029902e+01
3.777433195162731039e+01
3.795743132436326306e+01
3.814104446204598275e+01
3.832931135282521495e+01
3.851850861123703851e+01
3.870774444689798344e+01
3.890217935862800402e+01
3.910063524219086872e+01
3.930194591838001372e+01
3.950657248542528066e+01
3.971371669315624331e+01
3.992338450248433190e+01
4.013735878204170149e+01
4.035570085836533138e+01
4.057921097459368553e+01
4.080881445113531925e+01
4.104413010695106578e+01
4.128476673073643610e+01
4.153050910886085489e+01
4.178203574273435805e+01
4.204018315856571064e+01
4.230739277977404811e+01
4.258512641641047480e+01
4.287512482310987849e+01
4.317978905320763516e+01
4.349750632008277762e+01
4.382730347928393400e+01
4.417198933152629081e+01
4.453288468577351722e+01
4.491017284954903488e+01
4.530505844419337791e+01
4.571773369338090021e+01
4.614642769170369974e+01
4.659157405307941957e+01
4.705346913338692616e+01
