0.000000000000000000e+00
0.000000000000000000e+00
0.000000000000000000e+00
1.311591083021591950e-12
4.689093877283788163e-09
9.900856664022453010e-08
4.525474303338506847e-07
1.385186762071765010e-06
3.202266189563202252e-06
6.131401322247415567e-06
1.055470363859682682e-05
1.699342840104694490e-05
2.365213535029520432e-05
3.468779718680939833e-05
5.029206701302979489e-05
7.064971342368070765e-05
9.558754680033148589e-05
1.247049944564258210e-04
1.575226129098611567e-04
1.935760315612786468e-04
2.324539513753988765e-04
2.738029268122278400e-04
3.173214119077583562e-04
3.627526153924668967e-04
4.098779639658398284e-04
4.585113650511640358e-04
5.084938737964108226e-04
5.596890520725066129e-04
6.119788232157453555e-04
6.652590508825251573e-04
7.194392897211151485e-04
7.744438183516588834e-04
8.302043441848802174e-04
8.866625555816486960e-04
9.437681879448344942e-04
1.001483859788649408e-03
1.059776040451078588e-03
1.118608464254349259e-03
1.177947895971010643e-03
1.237766698149965526e-03
1.298038132260216941e-03
1.358735218493623605e-03
1.419834329234988474e-03
1.481315562603508244e-03
1.543160184807392497e-03
1.605348045382370102e-03
1.667863497777592047e-03
1.730690678126752457e-03
1.793814035103827960e-03
1.857217760310173526e-03
1.920889947383358888e-03
1.984824046861280965e-03
2.049010793448312242e-03
2.113437183045936175e-03
2.178094064881893905e-03
2.242977410027751934e-03
2.308080774769374205e-03
2.373402298062583446e-03
2.438943095761584700e-03
2.504700465667178758e-03
2.570670151878401508e-03
2.636844839719338935e-03
2.703217598596162168e-03
2.769784190149073965e-03
2.836544234471624279e-03
2.903496861559178369e-03
2.970637368316051633e-03
3.037964427644489467e-03
3.105482270078206014e-03
3.173191187959244208e-03
3.241086967272308484e-03
3.309167711781732090e-03
3.377435238051971177e-03
3.445884134907540620e-03
3.514514232593995112e-03
3.583327721433069834e-03
3.652322788101983360e-03
3.721498130404877168e-03
3.790856629122831521e-03
3.860398359867397294e-03
3.930120291819936759e-03
4.000026143813139624e-03
4.070117875813193502e-03
4.140395737092321046e-03
4.210859228618094897e-03
4.281506116092343231e-03
4.352327120334703592e-03
4.423310459577364621e-03
4.494440822181396469e-03
4.565705158491740329e-03
4.637097361600284184e-03
4.708610810625934659e-03
4.780230895556501249e-03
4.851938500904909649e-03
4.923709154136926384e-03
4.995511926305790107e-03
5.067313902646908112e-03
5.139075399108882121e-03
5.210755031295977169e-03
5.282316473691827524e-03
5.353735982933606127e-03
