0.000000000000000000e+00
3.987571127933726696e-10
3.987571127933726696e-10
4.474955258672854573e-10
1.441455371262410365e-07
2.815675794267577351e-06
1.277978596413862322e-05
3.968272060800791360e-05
9.260012945685769685e-05
1.793595274853617609e-04
3.129832966098145311e-04
5.106085624717281168e-04
7.165913921830768503e-04
1.061693609396049736e-03
1.551846348596809142e-03
2.191801367011463487e-03
2.976057785084095658e-03
3.892720091436483940e-03
4.927718343748409280e-03
6.067422814873730391e-03
7.299658740724168302e-03
8.613840886943849307e-03
1.000083776651398623e-02
1.145279257705728373e-02
1.296295193298588160e-02
1.452550712091075710e-02
1.613544326679907520e-02
1.778840908986447159e-02
1.948059745787804331e-02
2.120862106652802656e-02
2.296953021979583273e-02
2.476081322318415823e-02
2.658017234420239835e-02
2.842559316991664226e-02
3.029535882954257839e-02
3.218810404179374418e-02
3.410251633726885112e-02
3.603725394966166701e-02
3.799104953530721418e-02
3.996285319852727058e-02
4.195164650411004059e-02
4.395641427880984942e-02
4.597622724964480628e-02
4.801030199351546957e-02
5.005784646072161670e-02
5.211806381388952442e-02
5.419024223963584547e-02
5.627371368087451947e-02
5.836778654576729730e-02
6.047177394868001599e-02
6.258515358059484057e-02
6.470757831565135398e-02
6.683858958782415427e-02
6.897768027595237161e-02
7.112449498671588599e-02
7.327873970310451457e-02
7.544007570144603547e-02
7.760824304555137554e-02
7.978308562570879392e-02
8.196437951855226056e-02
8.415183880756796353e-02
8.634507897873543170e-02
8.854373097769965839e-02
9.074749188824030033e-02
9.295622680383655578e-02
9.516970689671155892e-02
9.738757779629783617e-02
9.960962981406724925e-02
1.018358360519077688e-01
1.040660541461268795e-01
1.062999875936194716e-01
1.085374256939714704e-01
1.107782486712667880e-01
1.130221452093682494e-01
1.152690152917377059e-01
1.175187829565589731e-01
1.197712124307264009e-01
1.220261169696871817e-01
1.242833764695688709e-01
1.265426916944897007e-01
1.288037858473852770e-01
1.310665682466951865e-01
1.333309635877473476e-01
1.355968131667804888e-01
1.378640155349823704e-01
1.401323722597714039e-01
1.424014815428339686e-01
1.446708114276123724e-01
1.469397743827098590e-01
1.492079208005666069e-01
1.514750474975754824e-01
1.537408855792377349e-01
1.560049590312014289e-01
1.582666608444984468e-01
1.605251928623096791e-01
1.627795442013184324e-01
1.650286253482916576e-01
1.672711610340596733e-01
1.695059408179611093e-01
1.717319308890743745e-01
1.739484647099257819e-01
