-4.817952704404612874e+00
-9.635905408809218642e+00
-1.445385811320946701e+01
-1.927181034717198926e+01
-2.408975109783294499e+01
-2.890740047267653523e+01
-3.371758097524226372e+01
-3.848133110984054639e+01
-4.309945987809547319e+01
-4.741228188670259414e+01
-5.166309580318770855e+01
-5.542405966978504495e+01
-5.876859363056848906e+01
-6.175482248476285463e+01
-6.444022885672873713e+01
-6.687363255278043539e+01
-6.909413732819608356e+01
-7.113271624654591108e+01
-7.301423182799446465e+01
-7.475923713856393249e+01
-7.638515284438449271e+01
-7.790688358536425540e+01
-7.933719685260413712e+01
-8.068703461495671547e+01
-8.196578940121806056e+01
-8.318153336679388588e+01
-8.434119721625719990e+01
-8.545073590549577602e+01
-8.651530747103207375e+01
-8.753940753184835444e+01
-8.852699282348505960e+01
-8.948156286841658869e+01
-9.040623687652993112e+01
-9.130382381256498547e+01
-9.217687448186217125e+01
-9.302771732991413955e+01
-9.385852170286865714e+01
-9.467133604116725110e+01
-9.546812294905551255e+01
-9.625091970172540812e+01
-9.702202010675327415e+01
-9.778405912374724096e+01
-9.853958355086588483e+01
-9.929062802115504383e+01
-1.000391578516488948e+02
-1.007869354377543374e+02
-1.015358854861167828e+02
-1.022883360075572341e+02
-1.030467591795326143e+02
-1.038136513328299486e+02
-1.045911382110641910e+02
-1.053812392465933243e+02
-1.061856910537619427e+02
-1.070059164368541644e+02
-1.078428163706118426e+02
-1.086973417954610426e+02
-1.095702794691594448e+02
-1.104609627105089942e+02
-1.113680542268748894e+02
-1.122904337300520012e+02
-1.132276420271946051e+02
-1.141792052767886076e+02
-1.151441133057880961e+02
-1.161211561855442653e+02
-1.171095000867245517e+02
-1.181085920663742854e+02
-1.191182462514635176e+02
-1.201386906933058754e+02
-1.211701744060282664e+02
-1.222128787753303811e+02
-1.232669154238810734e+02
-1.243320154050051514e+02
-1.254078689604990444e+02
-1.264946504306299460e+02
-1.275930287379530768e+02
-1.287037836105000679e+02
-1.298277656355312217e+02
-1.309660354789437804e+02
-1.321201664928167645e+02
-1.332913057698353327e+02
-1.344797486718216533e+02
-1.356856805769122616e+02
-1.369102819843802479e+02
-1.381550446589621401e+02
-1.394212822301344374e+02
-1.407100544941069700e+02
-1.420224002465390072e+02
-1.433593463847107330e+02
-1.447219123376325456e+02
-1.461114120554162525e+02
-1.475292827187123805e+02
-1.489767574760284674e+02
-1.504553426808969903e+02
-1.519664681397603090e+02
-1.535106711622320290e+02
-1.550886661832692823e+02
-1.567014480354029899e+02
-1.583496858253023447e+02
-1.600342870255291245e+02
-1.617563905878002402e+02
