3.999270398389492073e-10
3.999270398389492073e-10
3.999276587444405931e-10
4.762293902846934299e-10
3.312708131653996824e-09
1.667697972381619564e-07
4.852877376101476069e-06
4.100714589498551414e-05
1.817715191602089413e-04
5.405365953541397834e-04
1.022556214951994341e-03
1.828192578981253100e-03
2.923470921325765741e-03
4.272528603098389201e-03
5.837359648910626919e-03
7.583379100520268659e-03
9.481685689685583063e-03
1.150913247850729980e-02
1.364734675677027956e-02
1.588154720595758018e-02
1.819965769404138095e-02
2.059174212701254600e-02
2.304958753441512659e-02
2.556634680903440912e-02
2.813623321555398446e-02
3.075429829227356929e-02
3.341628076150161136e-02
3.611847917073010561e-02
3.885765364505878311e-02
4.163093822043269915e-02
4.443578544818724274e-02
4.726992679073107467e-02
5.013133230788661965e-02
5.301817457532388006e-02
5.592880050468110320e-02
5.886169342922631387e-02
6.181544728299897401e-02
6.478876336896753629e-02
6.778043495931990181e-02
7.078923148718084535e-02
7.381382204325531715e-02
7.685282949808795727e-02
7.990512564691940045e-02
8.296994201730702179e-02
8.604658097719006249e-02
8.913466596836530642e-02
9.223357091893538695e-02
9.534234379475428622e-02
9.846022065614301599e-02
1.015865149181094246e-01
1.047209499628641155e-01
1.078633098958630132e-01
1.110135456349018307e-01
1.141718764182963336e-01
1.173388925383482689e-01
1.205147747113925333e-01
1.236997707864915114e-01
1.268950374158706595e-01
1.301014379147826805e-01
1.333194598910077966e-01
1.365490806281529912e-01
1.397903090361627965e-01
1.430434190986485943e-01
1.463088656656423014e-01
1.495868113235344077e-01
1.528771260262044573e-01
1.561795945149223319e-01
1.594937592913117652e-01
1.628191085100268443e-01
1.661551134712602462e-01
1.695012671562169393e-01
1.728573285382653257e-01
1.762230782037917942e-01
1.795980537226948559e-01
1.829816300157765252e-01
1.863731610926392945e-01
1.897718708185622272e-01
1.931768476199628159e-01
1.965870826794454407e-01
2.000019049474868194e-01
2.034208939860308596e-01
2.068433770748873135e-01
2.102681374600594011e-01
2.136938614423504745e-01
2.171197356547989732e-01
2.205449463127442111e-01
2.239681099336290060e-01
2.273880578942968633e-01
2.308039268234870767e-01
2.342146215879187254e-01
2.376190654922662737e-01
2.410163101822398457e-01
2.444048946683904378e-01
2.477834289323704864e-01
2.511508259929652320e-01
2.545060329740775340e-01
2.578478954528025668e-01
2.611754699507362609e-01
2.644876927677655143e-01
2.677833741428936043e-01
