-9.581975512519547156e-16
3.180812004847238805e-16
5.571850489674567974e-16
-1.378074646990424743e-10
-1.200407434874469241e-07
-1.720882677785006906e-06
-1.473880061250045620e-05
-3.661124096479270783e-05
-5.549553183861147699e-05
-1.323283690372687046e-04
-1.958721302313633564e-04
-1.915892647357630540e-04
-1.103228494055100801e-03
-3.478366067441186413e-03
-5.429619884528413300e-03
-6.093284521417881121e-03
-5.951265559101069982e-03
-5.502154506372527662e-03
-4.924518830481987991e-03
-4.267462714832142776e-03
-9.346579141475968022e-01
-1.202547908030394908e+00
-1.334255836413564378e+00
-1.419364314275964878e+00
-1.482343204121138625e+00
-1.532309783152866700e+00
-1.573545374703120503e+00
-1.608421332207865317e+00
-1.638415263643880904e+00
-1.664528864110979889e+00
-1.687480379036376377e+00
-1.707802873332955995e+00
-1.725954620522105021e+00
-1.742369077761732887e+00
-1.757324503080762934e+00
-1.770946359532463710e+00
-1.783316434719472543e+00
-1.794568601314156409e+00
-1.804803769917636469e+00
-1.813995017624657979e+00
-1.822073548529358655e+00
-1.828887362571381292e+00
-1.834362132319123484e+00
-1.838592119484945497e+00
-1.841164631356314807e+00
-1.841738028664709814e+00
-1.840158943141425585e+00
-1.837444686612527800e+00
-1.834595271320537790e+00
-1.832767020581499207e+00
-1.833668988576257153e+00
-1.837574420730369917e+00
-1.844308313272638999e+00
-1.853843464279210096e+00
-1.865873164526236527e+00
-1.879297141274417049e+00
-1.892863955486669747e+00
-1.905656255491758211e+00
-1.917466240191554760e+00
-1.928426448691409112e+00
-1.938474068970454711e+00
-1.947436153296910888e+00
-1.955572427159073978e+00
-1.962924529650538652e+00
-1.969387188877342876e+00
-1.974857120330162585e+00
-1.979134164530738538e+00
-1.982286739246104323e+00
-1.984803802216137614e+00
-1.986662158218163610e+00
-1.988395710104467362e+00
-1.990270422699435215e+00
-1.992123941060736758e+00
-1.993826279527872281e+00
-1.995349048782510515e+00
-1.996950944408248274e+00
-1.998552274430594577e+00
-2.000087932752283582e+00
-2.001570742416074022e+00
-2.002617795137488610e+00
-2.002902231536962674e+00
-2.002501606857133964e+00
-2.001338971367054409e+00
-1.999037707467628211e+00
-1.995571287261143301e+00
-1.991003797620823912e+00
-1.985265740861106076e+00
-1.978582412785739875e+00
-1.971326100432120976e+00
-1.963549261453494399e+00
-1.955396106767179232e+00
-1.946730500407900299e+00
-1.937430461075389188e+00
-1.927697542966519073e+00
-1.917644104607140632e+00
-1.906851150711682319e+00
-1.894986705498702850e+00
-1.882184219759242882e+00
-1.868771569863251436e+00
-1.854957783726100429e+00
