0.000000000000000000e+00
2.131724471338406701e+00
4.263448942676813402e+00
6.395173414015086877e+00
8.526897885353623252e+00
1.065862235669174574e+01
1.279034682803016842e+01
1.492207127280377321e+01
1.705377914764473957e+01
1.918520268421154640e+01
2.131437587125975242e+01
2.343646832187458173e+01
2.554342985671926058e+01
2.762207307691890890e+01
2.965227870141587019e+01
3.160818033925003689e+01
3.346130487885587002e+01
3.518593682393385080e+01
3.676573942015212992e+01
3.819705128123320037e+01
3.948695861401928653e+01
4.064883415202265837e+01
4.169835167444809798e+01
4.265097165348643671e+01
4.352071529460852162e+01
4.431975155269406486e+01
4.505838899648713181e+01
4.574524494279179265e+01
4.638748022874790422e+01
4.699103990320754320e+01
4.756086929869647406e+01
4.810109747772268207e+01
4.861519053202996332e+01
4.910607818820852088e+01
4.957625672092178348e+01
5.002787094465982420e+01
5.046277797605036142e+01
5.088259652426356894e+01
5.128874600394441785e+01
5.168247862801253945e+01
5.206490621038616240e+01
5.243702292973000567e+01
5.279972545202663525e+01
5.315383219513503121e+01
5.350010439102961612e+01
5.383927613098995835e+01
5.417212577298669629e+01
5.449955049074660707e+01
5.482259733101558652e+01
5.514236678486997079e+01
5.545980214510108652e+01
5.577553270358591675e+01
5.608989190837943539e+01
5.640307832980362690e+01
5.671522858394475008e+01
5.702636138496595919e+01
5.733657543537653822e+01
5.764616460947244292e+01
5.795519578037409758e+01
5.826358234923282708e+01
5.857129155224556882e+01
5.887826350669984521e+01
5.918446428843999030e+01
5.948995800827338343e+01
5.979478075857172570e+01
6.009894941166544413e+01
6.040244417807262778e+01
6.070520371706327722e+01
6.100716465954906198e+01
6.130827478215680060e+01
6.160859852559719485e+01
6.190821878400345213e+01
6.220715876082320506e+01
6.250544870725094881e+01
6.280318756495908161e+01
6.310057196775080968e+01
6.339786052390083881e+01
6.369523468080178219e+01
6.399280125711563727e+01
6.429062180599748899e+01
6.458871111481531102e+01
6.488704835846574781e+01
6.518562802719584681e+01
6.548446408938170293e+01
6.578362448484132585e+01
6.608323553781042392e+01
6.638344414620070211e+01
6.668438525409351314e+01
6.698619816158600315e+01
6.728907635437890633e+01
6.759318116493930972e+01
6.789859359445451048e+01
6.820534904157287315e+01
6.851351010395246988e+01
6.882315642816510604e+01
6.913433789777670313e+01
6.944710290814589371e+01
6.976147660265961292e+01
7.007749983872189148e+01
7.039526937949386820e+01
7.071493939377762672e+01
