0.000000000000000000e+00
0.000000000000000000e+00
0.000000000000000000e+00
0.000000000000000000e+00
0.000000000000000000e+00
0.000000000000000000e+00
0.000000000000000000e+00
1.260388718960424834e-13
1.228703463242256072e-10
5.902570061645990236e-09
5.224065405414743476e-08
2.106279262225756629e-07
5.987604929441566376e-07
1.434440602350108031e-06
3.070242532068063725e-06
5.972427288693489248e-06
1.067838161792023420e-05
1.771030291970447198e-05
2.744473261161217001e-05
4.002401918304039142e-05
5.537353106713836483e-05
7.328137728286483992e-05
9.347680222415965775e-05
1.156817665987060971e-04
1.396375524103678201e-04
1.651150506139631284e-04
1.919166968731818377e-04
2.198746824483790877e-04
2.488475736527560054e-04
2.787164416841718547e-04
3.093811862947990431e-04
3.407573424395906984e-04
3.727733697564810387e-04
4.053683561308155103e-04
4.384900890852424767e-04
4.720934656791216555e-04
5.061392208448772844e-04
5.405929398436119023e-04
5.754242911117128049e-04
6.106064121850544001e-04
6.461154033947532054e-04
6.819299032236857952e-04
7.180307224101345693e-04
7.544005069982565427e-04
7.910233872312489841e-04
8.278845152239147241e-04
8.649690547011106576e-04
9.022611793205934354e-04
9.397438701421653977e-04
9.774006740022496420e-04
1.015218905198256652e-03
1.053191201557557733e-03
1.091314682227869813e-03
1.129588994873621582e-03
1.168013919951833108e-03
1.206591748268330674e-03
1.245321646199520297e-03
1.284200778698450004e-03
1.323229923846226935e-03
1.362411060759543668e-03
1.401744244935558938e-03
1.441229600831056817e-03
1.480866002921255855e-03
1.520650245707540378e-03
1.560581217344928634e-03
1.600656534522216417e-03
1.640875488711010001e-03
1.681237170659464130e-03
1.721739515702586229e-03
1.762380439723969933e-03
1.803156812719267522e-03
1.844065017971695730e-03
1.885102405815314340e-03
1.926267093507716497e-03
1.967555377968880324e-03
2.008962190987065993e-03
2.050482037967186859e-03
2.092111776029505644e-03
2.133850277491734088e-03
2.175696505268109003e-03
2.217650737335886621e-03
2.259713450561676509e-03
2.301884008098753574e-03
2.344161244020793577e-03
2.386542913663236825e-03
2.429025421110387901e-03
2.471604991852779237e-03
2.514278804301653489e-03
2.557044615284026056e-03
2.599898770405882978e-03
2.642837945949018646e-03
2.685860756173010476e-03
2.728966498170538879e-03
2.772153739615948638e-03
2.815420994212384630e-03
2.858767750443426056e-03
2.902193471616568675e-03
2.945697488334014010e-03
2.989279116203050288e-03
3.032936716140953361e-03
3.076667679053111427e-03
