0.000000000000000000e+00
3.987571127933726696e-10
3.987571127933726696e-10
3.987571127933726696e-10
3.987571127933726696e-10
3.987571127933726696e-10
3.987571127933726696e-10
4.053771632290792411e-10
4.783999912144783205e-09
1.844132998617847384e-07
1.509789730347031458e-06
5.902220665525214535e-06
1.652337746751555143e-05
3.913693888266923465e-05
8.283599856879998377e-05
1.595321108375035530e-04
2.828401786594609462e-04
4.656714079376157289e-04
7.168954507896145665e-04
1.039464559026521398e-03
1.431143310619492973e-03
1.886530801390623110e-03
2.398915792807414498e-03
2.961468130993096231e-03
3.567843193983562082e-03
4.212415884194916672e-03
4.890326773151800789e-03
5.597441091339960643e-03
6.330268502532418462e-03
7.085870486228646077e-03
7.861772028522298617e-03
8.655883831019280800e-03
9.466435062090572741e-03
1.029191589072900835e-02
1.113102934353710737e-02
1.198265207989151343e-02
1.284580363316599645e-02
1.371962285428347285e-02
1.460334957036256778e-02
1.549630975651777182e-02
1.639790325285643210e-02
1.730759341498610410e-02
1.822489804245911588e-02
1.914938072138540337e-02
2.008064134911866777e-02
2.101830242695229209e-02
2.196197429744113291e-02
2.291124421697095584e-02
2.386568354294696728e-02
2.482491914427625498e-02
2.578868105471213493e-02
2.675684161005819142e-02
2.772938097249773998e-02
2.870629773981758781e-02
2.968760786551298547e-02
3.067337753271680290e-02
3.166357895298432812e-02
3.265813051512166110e-02
3.365712545784751986e-02
3.466061145329254328e-02
3.566860451394496256e-02
3.668112417776731027e-02
3.769813531939492784e-02
3.871957680233176907e-02
3.974543653548832933e-02
4.077568334147307905e-02
4.181030944258182225e-02
4.284929475501491475e-02
4.389259962834680950e-02
4.494017426792872028e-02
4.599193066776673805e-02
4.704779604935339921e-02
4.810772903955227303e-02
4.917168178812708623e-02
5.023956539653199466e-02
5.131126442020680911e-02
5.238666779703997356e-02
5.346573756743341205e-02
5.454846308851256376e-02
5.563484760581954153e-02
5.672491490979835599e-02
5.781868821313947138e-02
5.891615358003782915e-02
6.001728010097357596e-02
6.112200310750539461e-02
6.223023623905342416e-02
6.334190525693193796e-02
6.445696221105287615e-02
6.557535995319482836e-02
6.669701941200602280e-02
6.782189470362208483e-02
6.894997896577501062e-02
7.008127445752831974e-02
7.121575729950829770e-02
7.235340618246874356e-02
7.349422159424109924e-02
7.463819556363582297e-02
7.578532363938594862e-02
7.693558306525088986e-02
7.808891795824328408e-02
7.924524339972120746e-02
