-9.119208017850876757e+00
-1.823841603570174996e+01
-2.735762395256825741e+01
-3.647680408231408933e+01
-4.559584567967714008e+01
-5.471413893951917373e+01
-6.381969172303587357e+01
-7.282481049673369000e+01
-8.147420165356417954e+01
-8.939018741832032333e+01
-9.621771345853908031e+01
-1.018388095906680206e+02
-1.095756330904235369e+02
-1.102351214790905374e+02
-1.174293441659796855e+02
-1.213653626495043909e+02
-1.243205320463499248e+02
-1.267884762411406285e+02
-1.289459196982140838e+02
-1.308807042828107683e+02
-1.326458462086169732e+02
-1.342769503711988364e+02
-1.357995467006813612e+02
-1.372327633166800354e+02
-1.385913415319740523e+02
-1.398867964996142632e+02
-1.411282775891618826e+02
-1.423232367811909569e+02
-1.434778387793666923e+02
-1.445973350174798213e+02
-1.456861450536719076e+02
-1.467480622572398659e+02
-1.477865275522621857e+02
-1.488046490730379787e+02
-1.498052432394009088e+02
-1.507910270220805558e+02
-1.517648145042201691e+02
-1.527293218161368600e+02
-1.536869565398588122e+02
-1.546400623921784074e+02
-1.555913500732951888e+02
-1.565434556170758356e+02
-1.574982985453515312e+02
-1.584575300416411778e+02
-1.594237625559570120e+02
-1.604002965198735353e+02
-1.613903054368639971e+02
-1.623975681956747223e+02
-1.634266006080118814e+02
-1.644817408630538864e+02
-1.655665211144313957e+02
-1.666843893527900775e+02
-1.678400105277777357e+02
-1.690380280841949912e+02
-1.702825274006888208e+02
-1.715762890153395688e+02
-1.729205915226051786e+02
-1.743171676580136307e+02
-1.757695620422950071e+02
-1.772816793251077456e+02
-1.788566685222299100e+02
-1.804968633763612615e+02
-1.822028879350004331e+02
-1.839755625593947173e+02
-1.858178125033161336e+02
-1.877319917503854185e+02
-1.897199156883534954e+02
-1.917849330203215175e+02
-1.939318393481931651e+02
-1.961653673959721402e+02
-1.984904183412500061e+02
-2.009126512735862775e+02
-2.034388335089894042e+02
-2.060760564431602688e+02
-2.088321081538665851e+02
-2.117150747157560886e+02
-2.147323209859943063e+02
-2.178902290360025802e+02
-2.211950741430939047e+02
-2.246549798906684430e+02
-2.282801986295625341e+02
-2.320815830856745663e+02
-2.360691568659541701e+02
-2.402522149862272158e+02
-2.446413401639122185e+02
-2.492470261961030928e+02
-2.540779227567269629e+02
-2.591415743587801330e+02
-2.644450854751133306e+02
-2.699926289964089960e+02
-2.757840641757926505e+02
-2.818164397998921231e+02
-2.880843670450487366e+02
-2.945809644025877105e+02
-3.012995438911745509e+02
-3.082347405117384369e+02
-3.153810967389147208e+02
-3.227300922475572520e+02
-3.302711614103567968e+02
-3.379919889711327983e+02
