3.999270398389492073e-10
3.999270398389492073e-10
4.199960113560365284e-10
6.388525383144889154e-09
4.371190554491769653e-08
3.332977530108568466e-07
5.719696687395841370e-06
5.638972896251848632e-05
2.827162317898450979e-04
9.020136249011715106e-04
2.144113528507919295e-03
4.111977663023864277e-03
6.158769107938194542e-03
9.861824258514041708e-03
1.270922993200228508e-02
1.634596655166805149e-02
2.036391805092068255e-02
2.462582568142261327e-02
2.906557681525980680e-02
3.364346000368341472e-02
3.833256756729375159e-02
4.311334001425175255e-02
4.797088057699607638e-02
5.289351392692372145e-02
5.787194222237087432e-02
6.289864861161773013e-02
6.796744995282306967e-02
7.307320303711660470e-02
7.821153965441672573e-02
8.337879131532655030e-02
8.857183815676927807e-02
9.378790905122208477e-02
9.902456135653789349e-02
1.042796481502942102e-01
1.095512433063843133e-01
1.148374880768724127e-01
1.201366379479724689e-01
1.254471624216946801e-01
1.307676442727152277e-01
1.360966113211985740e-01
1.414325967862534450e-01
1.467743739770637212e-01
1.521209622394293359e-01
1.574708948583596335e-01
1.628222405760042513e-01
1.681732296970116780e-01
1.735222366457579157e-01
1.788676031288785051e-01
1.842077020626283479e-01
1.895412378760489847e-01
1.948669304192906238e-01
2.001829216961470981e-01
2.054874564173812534e-01
2.107788218775777100e-01
2.160558033684107093e-01
2.213180353511572662e-01
2.265647906730700323e-01
2.317947316651309819e-01
2.370062096965056264e-01
2.421975909122039416e-01
2.473673214961032152e-01
2.525147712016582169e-01
2.576396366954328832e-01
2.627401201333977587e-01
2.678144312288853190e-01
2.728608253538008510e-01
2.778766423367385330e-01
2.828584514652981996e-01
2.878030608976840932e-01
2.927069593064588471e-01
2.975661205623639227e-01
3.023757961629789381e-01
3.071308060892417036e-01
3.118254540576516631e-01
3.164534980925324259e-01
3.210090633462294729e-01
3.254863708844173420e-01
3.298796609228137333e-01
3.341821602078984821e-01
3.383858559915987052e-01
3.424824363519818893e-01
3.464633307417903652e-01
3.503204118233230191e-01
3.540454199352124354e-01
3.576297544545393170e-01
3.610651641579127324e-01
3.643439781487472495e-01
3.674592059160190494e-01
3.704046617116293905e-01
3.731770219575133440e-01
3.757755228413798276e-01
3.782006613018515373e-01
3.804549188888182720e-01
3.825419642060858272e-01
3.844650271382211715e-01
3.862259581195801039e-01
3.878274421113895309e-01
3.892749051517049863e-01
3.905746957945301356e-01
3.917345421610251011e-01
