0.000000000000000000e+00
3.951643079128587852e-10
3.951643079128587852e-10
2.264093240326387835e-08
4.790635251121793809e-07
5.307893084127509311e-06
5.334155845271732746e-05
2.853780970291458713e-04
9.107997469076595329e-04
2.021933062528589141e-03
3.599156202456229789e-03
5.586972258059799169e-03
7.902409690014529017e-03
1.046302778186659899e-02
1.320989273382120431e-02
1.610514276681622794e-02
1.822931428792354258e-02
2.102675133764942556e-02
2.414794986102550278e-02
2.746698964730149087e-02
3.092527586465965497e-02
3.448991638726148223e-02
3.813990373363360109e-02
4.186063690236710433e-02
4.564138149689838525e-02
4.947392357600592649e-02
5.335178876385940350e-02
5.726975237302948246e-02
6.122350365742898481e-02
6.520940282939551025e-02
6.922429170084645755e-02
7.326530472815188932e-02
7.732953204485347454e-02
8.141325986481844079e-02
8.551195938715773492e-02
8.962066553189237950e-02
9.373487340565037074e-02
9.785510690028824399e-02
1.019868630265830106e-01
1.061383442550159206e-01
1.103182563421725160e-01
1.145340581531906765e-01
1.187885263561841709e-01
1.230774238043708529e-01
1.273980301392052816e-01
1.317516886631024398e-01
1.361401466547632333e-01
1.405642464787479340e-01
1.450228706829738701e-01
1.495127204210866534e-01
1.540313754761843401e-01
1.585763151365787160e-01
1.631434497586436994e-01
1.677286718946195410e-01
1.723281149807029400e-01
1.769381540206656500e-01
1.815554911370699520e-01
1.861764635527738410e-01
1.907974524916775105e-01
1.954142931248371851e-01
2.000222845206604816e-01
2.046171100628396688e-01
2.091942660774766816e-01
2.137486927159967243e-01
2.182773960468395447e-01
2.227768565552315505e-01
2.272433101099524677e-01
2.316744105093984651e-01
2.360681309175645115e-01
2.404237669108315045e-01
2.447421709985959926e-01
2.490249165688951938e-01
2.532724514773390112e-01
2.574844871576535965e-01
2.616570852033377470e-01
2.657856693034598705e-01
2.698675253514952743e-01
2.738995033263328382e-01
2.778762276449692759e-01
2.817909360605638236e-01
2.856339426895717626e-01
2.893952316148086790e-01
2.930654101667525269e-01
2.966376046005739786e-01
3.001063025839310616e-01
3.034671635319190486e-01
3.067168010450378457e-01
3.098529393821274347e-01
3.128729934770714816e-01
3.157750375810552956e-01
3.185578734930468170e-01
3.212208633060578689e-01
3.237668873563379068e-01
3.262008661631100592e-01
3.285310550443687472e-01
3.307630317935127406e-01
3.328985718841619423e-01
3.349404701727596856e-01
3.368938842892651997e-01
3.387644302097428395e-01
3.405566394872978631e-01
