0.000000000000000000e+00
4.918894097527049536e-01
9.837788195054103513e-01
1.475668229258108477e+00
1.967557639010819814e+00
2.459447048616810960e+00
2.951336447501492710e+00
3.443225791422823701e+00
3.935114961249743804e+00
4.427003619469692453e+00
4.918890498386049970e+00
5.410778951999581032e+00
5.902663627410661640e+00
6.394543830691550745e+00
6.886416285565863937e+00
7.378271273963497912e+00
7.870062059041135427e+00
8.361589434603516224e+00
8.852289868865735656e+00
9.340987179936592000e+00
9.825639080738444164e+00
1.030319378993868185e+01
1.076977809097067151e+01
1.122122804512689243e+01
1.165369756292813364e+01
1.206410157297339936e+01
1.245034031535403507e+01
1.281136516731768005e+01
1.314712712891049406e+01
1.345841434680284721e+01
1.374661777930828421e+01
1.401349074365792902e+01
1.426094821044708105e+01
1.449091785879572569e+01
1.470524061601765453e+01
1.490561444388182899e+01
1.509356855074089054e+01
1.527046106855079621e+01
1.543748988893993257e+01
1.559570638584783708e+01
1.574603037421703178e+01
1.588926518370555918e+01
1.602611225915262594e+01
1.615718522812904112e+01
1.628302204645729745e+01
1.640409527732732187e+01
1.652082061506674293e+01
1.663356405912671931e+01
1.674264928325979440e+01
1.684836400094623343e+01
1.695096453897939881e+01
1.705067990144338452e+01
1.714771594600539117e+01
1.724225823853753070e+01
1.733447450757564923e+01
1.742451718764721846e+01
1.751252504558220835e+01
1.759862469359768866e+01
1.768293180950276522e+01
1.776555197624365334e+01
1.784658194768830697e+01
1.792611081066995737e+01
1.800422074540907857e+01
1.808098776857448442e+01
1.815648220297840609e+01
1.823076906946977616e+01
1.830390886922955573e+01
1.837595809693878834e+01
1.844696953368610437e+01
1.851699250406008446e+01
1.858607323090609142e+01
1.865425522269137915e+01
1.872157955342954594e+01
1.878808507247129711e+01
1.885380874543917784e+01
1.891878586303212018e+01
1.898304954254781407e+01
1.904663090567529693e+01
1.910956030030436636e+01
1.917186634120934130e+01
1.923357550481191680e+01
1.929471286175893496e+01
1.935530275941520273e+01
1.941536883112320666e+01
1.947493369989147638e+01
1.953401899195207392e+01
1.959264562249505914e+01
1.965083375628096363e+01
1.970860290496948153e+01
1.976597199620590928e+01
1.982295948915809802e+01
1.987958337873672932e+01
1.993586103576345536e+01
1.999180929760953518e+01
2.004744471531259364e+01
2.010278352286795922e+01
2.015784173430287041e+01
2.021263538674826776e+01
2.026718046037296972e+01
2.032149253122295107e+01
2.037558674305640949e+01
