0.000000000000000000e+00
1.000410585369075046e-10
1.000410585369075046e-10
1.000410585369075046e-10
1.000410585369075046e-10
1.000654532947546464e-10
1.018924615078420719e-10
1.142482122509394769e-10
1.634720099761464787e-10
3.411825810685810940e-10
1.016169850386449860e-09
2.044241445362123222e-09
4.189594205196078430e-09
8.267041993178903893e-09
1.631191289600661464e-08
3.437954424857840272e-08
1.014942445672006648e-07
3.837746586843544569e-07
1.301391868298208413e-06
3.663256886958926663e-06
8.835862570293951702e-06
1.883266192168809691e-05
3.619258641245939846e-05
6.368954756284830030e-05
1.039986623868291053e-04
1.594160751262675452e-04
2.316728529994785738e-04
3.218365889612626670e-04
4.302966735248409222e-04
5.568365789651415687e-04
7.007692704367967209e-04
8.610915188944249588e-04
1.036622144578639706e-03
1.226111107661074931e-03
1.428318096669947039e-03
1.642062928431813323e-03
1.866254262239516477e-03
2.099898771500975734e-03
2.342102060756841818e-03
2.592065278589136303e-03
2.849077551270876810e-03
3.112507579297352743e-03
3.381795968358651452e-03
3.656446531042598612e-03
3.936018561606157741e-03
4.220121106848580619e-03
4.508406950135678860e-03
4.800566845158572502e-03
5.096324595999253589e-03
5.395433239979488364e-03
5.697671119912200467e-03
6.002838447884569634e-03
6.310754588414521117e-03
6.621255716961197378e-03
6.934192373866624771e-03
7.249427959048282757e-03
7.566837312701833913e-03
7.886305452716719719e-03
8.207726925281129751e-03
8.531004855597618813e-03
8.856049770544067307e-03
9.182779028086762371e-03
9.511116134448768106e-03
9.840990228074761315e-03
1.017233565964634212e-02
1.050509141241042985e-02
1.083920057231545567e-02
1.117460995425003517e-02
1.151126979129818081e-02
1.184913352305480561e-02
1.218815736661148057e-02
1.252830000098500637e-02
1.286952235307426903e-02
1.321178733597488247e-02
1.355505970418483495e-02
1.389930634932389636e-02
1.424449604399865947e-02
1.459059849877764221e-02
1.493758470816492281e-02
1.528542766655195846e-02
1.563410229476423774e-02
1.598358385414297422e-02
1.633384834674241406e-02
1.668487290368468254e-02
1.703663567418728375e-02
1.738911557558061108e-02
1.774229239886676926e-02
1.809614673035478058e-02
1.845065988998385517e-02
1.880581386031485516e-02
1.916159120233237520e-02
1.951797509825542107e-02
1.987494936457092840e-02
2.023249835739804672e-02
2.059060696925350473e-02
2.094926054496778003e-02
2.130844468047187606e-02
2.166814519674123765e-02
2.202834846820325362e-02
2.238904160384318567e-02
2.275021186643684523e-02
