0.000000000000000000e+00
1.171939088030292453e+00
2.343878176060585350e+00
3.515817264090878691e+00
4.687756349297711012e+00
5.859695376721992588e+00
7.031633948646278220e+00
8.203567297619200005e+00
9.375455403739024973e+00
1.054701260759570047e+01
1.171528861867450289e+01
1.286388762007085340e+01
1.395048401850201891e+01
1.501719751276269754e+01
1.594262566010104898e+01
1.674654066750954939e+01
1.744119756899878482e+01
1.804399244011624148e+01
1.857250996429296919e+01
1.904174052206836265e+01
1.946351195925495148e+01
1.984690598792958838e+01
2.019886236564857995e+01
2.052469951773576540e+01
2.082853114808067474e+01
2.111359102287002898e+01
2.138246793255362022e+01
2.163726416265662067e+01
2.187970302556769298e+01
2.211121596796252575e+01
2.233300336558954413e+01
2.254608112380969231e+01
2.275131669477292107e+01
2.294945673945876408e+01
2.314114912370223820e+01
2.332696078667452966e+01
2.350739198789521467e+01
2.368288684232069485e+01
2.385383950537871200e+01
2.402060032230022557e+01
2.418348283497525841e+01
2.434276615643369013e+01
2.449870118723836754e+01
2.465151558742147841e+01
2.480141763908679664e+01
2.494859905412461032e+01
2.509323447691423681e+01
2.523548390583283663e+01
2.537549460026660597e+01
2.551340261791300890e+01
2.564933307888684411e+01
2.578340208432548053e+01
2.591571835549623160e+01
2.604638456019553772e+01
2.617549875013607874e+01
2.630315267232486320e+01
2.642942984044104193e+01
2.655441121995388087e+01
2.667817603182668762e+01
2.680079930021471668e+01
2.692235168641574461e+01
2.704290090888147446e+01
2.716251621982293685e+01
2.728126664965084558e+01
2.739921942271293531e+01
2.751643892369178346e+01
2.763299271249858435e+01
2.774895232886693464e+01
2.786438894495608309e+01
2.797937056034856695e+01
2.809396696883239031e+01
2.820825385553297338e+01
2.832231332591083017e+01
2.843623079537112730e+01
2.855009649968007324e+01
2.866400562955451292e+01
2.877805520687681451e+01
2.889235749724439373e+01
2.900703527954929939e+01
2.912221537837325158e+01
2.923805320356900594e+01
2.935476449451651249e+01
2.947262275488379402e+01
2.959191020705783970e+01
2.971288522888636052e+01
2.983577721147753437e+01
2.996082589242958960e+01
3.008836607413154951e+01
3.021893751285642438e+01
3.035325629316388074e+01
3.049203117646933237e+01
3.063588854909662373e+01
3.078546237953721132e+01
3.094124268510837439e+01
3.110355111972833697e+01
3.127264578234409953e+01
3.144877760747140627e+01
3.163219606809736462e+01
3.182308828708510973e+01
3.202156047132810812e+01
3.222764671762353572e+01
