0.000000000000000000e+00
1.000410585369075046e-10
1.000410585369075046e-10
1.000410585369075046e-10
1.003865859273522120e-10
1.081021032605909728e-10
1.914642420078102749e-10
1.346718669221738589e-09
1.278587240565996862e-08
1.134883786265213776e-07
1.210286332560093180e-06
8.746455759651327843e-06
3.766871388857785630e-05
9.562910952103422511e-05
1.996351939179527221e-04
3.490815274385325202e-04
5.395311223968077448e-04
7.647681032092644654e-04
1.018712423868952050e-03
1.296226625731486089e-03
1.593226371203393865e-03
1.906513298225862496e-03
2.233588179176523771e-03
2.572497049925308223e-03
2.921696365704718346e-03
3.279942208351733970e-03
3.646212746493592005e-03
4.019658752313940049e-03
4.399567174001895419e-03
4.785334775724933536e-03
5.176446840163683762e-03
5.572460282826182179e-03
5.972990711940292380e-03
6.377702187286893309e-03
6.786298743894166388e-03
7.198517215729565918e-03
7.614121547185307218e-03
8.032899290451252922e-03
8.454659808832414025e-03
8.879230909060937746e-03
9.306457650548752639e-03
9.736200505993450674e-03
1.016833214023072501e-02
1.060273624939604004e-02
1.103930616201170313e-02
1.147794463308265955e-02
1.191856292315997962e-02
1.236108012484626699e-02
1.280542250989649862e-02
1.325152326081793092e-02
1.369932170607679293e-02
1.414876197819881637e-02
1.459979267940352508e-02
1.505236603238340604e-02
1.550643714531428630e-02
1.596196519359999524e-02
1.641891181464284061e-02
1.687723978965031263e-02
1.733691351312825410e-02
1.779789868850833665e-02
1.826016301852347035e-02
1.872367448523762010e-02
1.918840096034582846e-02
1.965431066309733521e-02
2.012137276026697286e-02
2.058955569139247349e-02
2.105882707584241786e-02
2.152915409460490204e-02
2.200050543390810395e-02
2.247285017763468035e-02
2.294615616278377485e-02
2.342038989940480043e-02
2.389551663914998500e-02
2.437150204283999172e-02
2.484830888153480646e-02
2.532590253187789325e-02
2.580424588329960703e-02
2.628329772805746908e-02
2.676301808534358243e-02
2.724336397668261286e-02
2.772428289346529420e-02
2.820570372037997306e-02
2.868754835410802784e-02
2.916974952145125893e-02
2.965224670462018874e-02
3.013499424192894391e-02
3.061793763517446990e-02
3.110097648370353102e-02
3.158394319476096751e-02
3.206664916078669214e-02
3.254895695028527103e-02
3.303076849532065457e-02
3.351196328183519285e-02
3.399251367626564962e-02
3.447243280117479047e-02
3.495171934569060723e-02
3.543036225421993674e-02
3.590835142006798542e-02
3.638570960727377512e-02
3.686248307726349566e-02
3.733872935944735488e-02
