-3.232782558358973657e-15
-6.495848238648183059e-15
-9.764647891533171503e-13
6.696133102008735606e-10
1.150795161597185099e-06
5.535417648136947482e-07
-9.830082947693221285e-06
8.947819818631540787e-06
1.969961863490150042e-05
2.949807148192047483e-05
3.748961200201435327e-05
-4.600292050398882625e-06
-1.052303939130034058e-04
-2.134451978859434581e-04
-2.874674937568706939e-04
-3.147805254602431524e-04
-2.951033667915950454e-04
-2.380830129215810590e-04
-1.607762114870421599e-04
-8.659347086822265704e-04
-5.817665426853213225e-04
-2.851217909487119588e-04
3.957814002614510425e-05
4.011008409996198710e-04
7.902741425600131545e-04
1.191757024256868969e-03
1.594970940526749389e-03
1.995352633074814509e-03
2.389017624459527714e-03
2.770636340372602865e-03
3.135822903198918783e-03
3.482494860216129706e-03
3.809152572395029489e-03
4.113808746666704208e-03
4.395667752989468324e-03
4.657100102467345328e-03
4.903493476182293337e-03
5.141060726611268797e-03
5.374213119543409974e-03
5.603511592479395662e-03
5.825507177079387346e-03
6.028152175498884685e-03
6.162452239386814745e-03
6.147763680972039707e-03
5.952786383788552863e-03
5.715151321673102996e-03
5.815414218403423471e-03
6.208885674197963875e-03
6.716800599269173548e-03
7.485336653813349367e-03
8.500190757115251919e-03
9.497956439360686828e-03
1.019204396671372255e-02
1.066600909777134544e-02
1.100161332912043440e-02
1.139289083619640305e-02
1.203857923420097002e-02
1.283927899327735184e-02
1.365181935560397068e-02
1.436680512085817922e-02
1.485942734991220482e-02
1.511238267663498995e-02
1.514440313422123555e-02
1.515249355969175427e-02
1.521976448621471974e-02
1.529940540818290444e-02
1.521892461422917620e-02
1.493387341237042976e-02
1.452731292980197382e-02
1.395887708042139151e-02
1.325651475920830609e-02
1.235975918221252426e-02
1.127305736676033864e-02
9.863984466884728047e-03
8.172388487422299619e-03
6.362689458920376892e-03
5.011771510057615869e-03
4.175152899480994578e-03
3.642624675125888476e-03
3.257596380332926367e-03
3.043058308075218509e-03
2.983696527953318307e-03
2.996840966499780129e-03
3.138476070501885432e-03
3.406963483010851633e-03
3.724266068419928091e-03
3.841591340270951276e-03
3.382186470985360221e-03
2.654132869941121763e-03
2.212455419375280487e-03
1.953356090985190145e-03
1.360907766581701287e-03
4.234321100327152060e-04
-6.978852116790532772e-04
-1.880176614400273609e-03
-3.184699701693534477e-03
-4.888527421302312631e-03
-7.120285341199310628e-03
-9.802536627908987540e-03
-1.264247681615222885e-02
