0.000000000000000000e+00
1.895384334356224491e-07
3.790768668711761827e-07
5.691593259186752411e-07
7.577588533953061460e-07
8.656879957902760199e-07
3.104018694956668761e-07
-7.250248483184534450e-07
-1.382487570728191167e-06
-1.165347188299276387e-06
-6.721745735533733825e-07
-2.890942201901377325e-07
1.762596075103301726e-07
7.032651131163271416e-07
6.375273228831278188e-07
-2.140349731971844048e-07
3.345570953807755582e-07
-9.319017828096020640e-07
-2.761577157079830308e-06
-4.874897571154356813e-06
-7.171066430568867569e-06
-9.593090786961398417e-06
-1.210280718962959547e-05
-1.467483967063050655e-05
-1.729432009857907621e-05
-1.995309281557261068e-05
-2.264514326498170659e-05
-2.536337352171179154e-05
-2.809827327455834147e-05
-3.083761179876760156e-05
-3.356600584440119946e-05
-3.626270082766009175e-05
-3.889365015078467841e-05
-4.137271148128214999e-05
-4.347102776135899162e-05
-4.509935662306797314e-05
-4.662343706819739348e-05
-4.804108295314996735e-05
-4.876745057344381262e-05
-4.837466960312313349e-05
-4.694556624440836886e-05
-4.468401490820914909e-05
-4.172208612764877309e-05
-3.806368935042485818e-05
-3.366549069742665837e-05
-2.878967101637440777e-05
-2.366469230400769933e-05
-1.893348730514883902e-05
-1.524507046951286519e-05
-1.277371814471427996e-05
-1.153396762142015311e-05
-1.143038369395100021e-05
-1.216653289975968131e-05
-1.359845764537469339e-05
-1.570093166038832814e-05
-1.840127402552552594e-05
-2.158190751609243135e-05
-2.494677311761508097e-05
-2.807654890221868800e-05
-3.070616181173545212e-05
-3.278188147594292740e-05
-3.467136605055845652e-05
-3.669365494108577628e-05
-3.875441242958226865e-05
-4.043597410779013247e-05
-4.153185036583499813e-05
-4.234677993657045728e-05
-4.311099110423564050e-05
-4.414813686418259651e-05
-4.535553900105413221e-05
-4.639644084224094772e-05
-4.703099256028901368e-05
-4.722778112846553322e-05
-4.672541040644732885e-05
-4.534455280277882480e-05
-4.295911527089782081e-05
-3.931900169358625106e-05
-3.429262883618066715e-05
-2.796697698436327592e-05
-2.067810099446391515e-05
-1.236264817302448281e-05
-3.108732403978544447e-06
6.526414594844923936e-06
1.597730876706988831e-05
2.495775917786337452e-05
3.293810017679656800e-05
3.950507573026751124e-05
4.435966637795117835e-05
4.759746635353032205e-05
4.918992862061056913e-05
4.916129494050789495e-05
4.779512826495495770e-05
4.568779227039396857e-05
4.371967726158107860e-05
4.257556877901964924e-05
4.226326302262426137e-05
4.244585073292979235e-05
4.280025103167064672e-05
4.337374244043100603e-05
4.429515463674420743e-05
4.535883820536878346e-05
