-6.441278848288715331e+00
-1.288255769657743066e+01
-1.932383654486593016e+01
-2.576502872420872592e+01
-3.220370602922073999e+01
-3.863600054208446011e+01
-4.504980340519949777e+01
-5.141861883263690203e+01
-5.771417611666281289e+01
-6.388460638106027289e+01
-6.984655732192534572e+01
-7.549563692243857815e+01
-8.070784633496849381e+01
-8.536857045124270371e+01
-8.943678434089663654e+01
-9.296437901281559846e+01
-9.605103389253964963e+01
-9.879408929903287628e+01
-1.012697226540345810e+02
-1.035339389132570318e+02
-1.081007626917781579e+02
-1.109916695575666097e+02
-1.133159700354841561e+02
-1.153457655688671508e+02
-1.171821780624195668e+02
-1.188753033749310788e+02
-1.204553351601466460e+02
-1.219428976012415120e+02
-1.233532146969265426e+02
-1.246980855803713268e+02
-1.259869771032308563e+02
-1.272277525171301278e+02
-1.284271271437577013e+02
-1.295906413783021947e+02
-1.307226294034532827e+02
-1.318268479947935532e+02
-1.329069855456520770e+02
-1.339667063656958419e+02
-1.350093439644479361e+02
-1.360380616228244719e+02
-1.370564045615044790e+02
-1.380685827983606941e+02
-1.390796285302082538e+02
-1.400946991687108891e+02
-1.411193060171630975e+02
-1.421606014509007707e+02
-1.432268863414719817e+02
-1.443251656816746902e+02
-1.454585877021923466e+02
-1.466271007920496174e+02
-1.478257640275977280e+02
-1.490475604966614185e+02
-1.502854919403886527e+02
-1.515325022534874222e+02
-1.527811966643576795e+02
-1.540242949022796495e+02
-1.552574102133897895e+02
-1.564801888787736459e+02
-1.576947317668127653e+02
-1.589026776770752747e+02
-1.601049876037131696e+02
-1.613035710959631217e+02
-1.625008924172449838e+02
-1.636990140645706617e+02
-1.648999733655766420e+02
-1.661062649416719523e+02
-1.673210595981269080e+02
-1.685479696778247671e+02
-1.697897947202532407e+02
-1.710486747411299007e+02
-1.723261281895033790e+02
-1.736220858949650392e+02
-1.749362536512597615e+02
-1.762693720665890851e+02
-1.776229428766323508e+02
-1.789978089010878648e+02
-1.803939429921977080e+02
-1.818115696007236295e+02
-1.832511396001198705e+02
-1.847133787597529988e+02
-1.861993645502146251e+02
-1.877101441052656412e+02
-1.892470441288532754e+02
-1.908124321144487396e+02
-1.924094284090429596e+02
-1.940413606690430584e+02
-1.957120704953429424e+02
-1.974251110268833713e+02
-1.991827037268726031e+02
-2.009862116594880490e+02
-2.028365027049296145e+02
-2.047344871820925789e+02
-2.066815509161264686e+02
-2.086794145013933814e+02
-2.107295885952491119e+02
-2.128339590674168846e+02
-2.149947724986282935e+02
-2.172138741681294789e+02
-2.194928059683300887e+02
-2.218331102752470940e+02
