0.000000000000000000e+00
1.886998464883298920e+00
3.773996929766595620e+00
5.660995394649777523e+00
7.547993741431353598e+00
9.434985555397908286e+00
1.132195557434236299e+01
1.320870952958431843e+01
1.508983880424002599e+01
1.692709288539419177e+01
1.871246110399002305e+01
2.032299477489652517e+01
2.171570286927419247e+01
2.287440587484537602e+01
2.381770020222804263e+01
2.458253461960235953e+01
2.520832865149331070e+01
2.572886290530169617e+01
2.617029750963819268e+01
2.655204551405048718e+01
2.688833365143684517e+01
2.718958460972466895e+01
2.746346418142131185e+01
2.771564887031564339e+01
2.795038634193975824e+01
2.817090059677262559e+01
2.837965639628992420e+01
2.857856877481867741e+01
2.876918805901485143e+01
2.895277405669407500e+01
2.913037803194800190e+01
2.930286129625210734e+01
2.947094168110223578e+01
2.963524741365785076e+01
2.979632209659801489e+01
2.995465270255517609e+01
3.011067902917630690e+01
3.026480508990327678e+01
3.041741429267225882e+01
3.056888119537451232e+01
3.071957198953493773e+01
3.086986086107308935e+01
3.102017218575200985e+01
3.117099999754114847e+01
3.132299484701350778e+01
3.147690804676575738e+01
3.163364147891777378e+01
3.179449585250013399e+01
3.196097929113676628e+01
3.213445197306549517e+01
3.231605227155343130e+01
3.250699541728400987e+01
3.270785895027383816e+01
3.291849627469420625e+01
3.313844624462708310e+01
3.336662726820694758e+01
3.360140829634600124e+01
3.384167163282916135e+01
3.408715643814667118e+01
3.433748329954943301e+01
3.459203613674056044e+01
3.485021470217085948e+01
3.511153367566304695e+01
3.537582336512998182e+01
3.564296919756882431e+01
3.591273992862188891e+01
3.618495831521891404e+01
3.645949504374868155e+01
3.673602323303431660e+01
3.701415499841343149e+01
3.729361839423867053e+01
3.757432257496052586e+01
3.785624289383982699e+01
3.813925629859307520e+01
3.842299639912305054e+01
3.870700791899843551e+01
3.899114358071638264e+01
3.927558357512527465e+01
3.956056721930286102e+01
3.984632008787195900e+01
4.013302608099782987e+01
4.042078421476367112e+01
4.070965223368505548e+01
4.099966531760053101e+01
4.129093994709474913e+01
4.158362288139202434e+01
4.187784698251644500e+01
4.217379081104292027e+01
4.247171815590817801e+01
4.277198126878906237e+01
4.307499649943401465e+01
4.338100112290939592e+01
4.369021941299731537e+01
4.400305305505498410e+01
4.431968550926668371e+01
4.464016810301898630e+01
4.496491226441450806e+01
4.529459159961288606e+01
4.562968153395596005e+01
4.597044001814528968e+01
4.631716429130565160e+01
