0.000000000000000000e+00
1.999376237366774773e-10
1.999376237366774773e-10
1.999376237366774773e-10
2.169549495274931720e-10
1.262263348076112493e-09
6.564376737753805507e-09
8.472745511698277840e-08
2.374037317789071968e-06
2.313390867601983184e-05
8.533209480187730169e-05
2.316683212745219652e-04
4.879492640494485930e-04
8.637456993104325508e-04
1.353074759016900446e-03
1.941846575455105119e-03
2.614240423309318901e-03
3.356036713676357336e-03
4.155622845913615505e-03
5.003871766136124173e-03
5.893672154826791118e-03
6.819442823041288980e-03
7.776743079297774100e-03
8.761982989591819704e-03
9.772207053013601957e-03
1.080494535076600635e-02
1.185810675261605648e-02
1.292988873770854752e-02
1.401873010448186074e-02
1.512326036458069498e-02
1.624227133303249304e-02
1.737470052440729870e-02
1.851958720334716951e-02
1.967607016624799837e-02
2.084337257246569527e-02
2.202079185140774428e-02
2.320768788946542260e-02
2.440347294570060707e-02
2.560760333451738216e-02
2.681957619992152500e-02
2.803892269427333411e-02
2.926518931477356186e-02
3.049793641796915561e-02
3.173672801113699982e-02
3.298108120699516643e-02
3.423053694924277357e-02
3.548460321242894594e-02
3.674264318872978718e-02
3.800407970670752894e-02
3.926851366828494616e-02
4.053578770930382769e-02
4.180572649470560426e-02
4.307858883554692431e-02
4.435486753266668081e-02
4.563508428405975426e-02
4.692005132093220177e-02
4.821063288080397469e-02
4.950710215364430983e-02
5.080930663348379173e-02
5.211742853370221473e-02
5.343174324335695641e-02
5.475245225091561474e-02
5.607974957544183819e-02
5.741363553950168397e-02
5.875415603201814690e-02
6.010144529598530211e-02
6.145555556711856937e-02
6.281650999321548856e-02
6.418445875715445004e-02
6.555953224475528918e-02
6.694177362441065815e-02
6.833106675962372090e-02
6.972724034179021702e-02
7.113021109815306775e-02
7.254001413553942679e-02
7.395663921440298605e-02
7.537989345262285923e-02
7.680946552122618065e-02
7.824503671159895035e-02
7.968627890276602788e-02
8.113286386219303870e-02
8.258450028770557283e-02
8.404093659586264753e-02
8.550199041457381965e-02
8.696748303151463633e-02
8.843719454864089335e-02
8.991089941746299719e-02
9.138843668526622221e-02
9.286954282404898120e-02
9.435387739502566762e-02
9.584102831721615090e-02
9.733058198885172208e-02
9.882202974162607179e-02
1.003147478430513190e-01
1.018082184505267884e-01
1.033019554214188590e-01
1.047953368040133310e-01
1.062877708964334728e-01
1.077787218468701097e-01
1.092676021680820952e-01
1.107538355898901594e-01
