6.055576552459635664e+00
1.211115310491926245e+01
1.816672742700132659e+01
2.421355036991213439e+01
3.016156744128023703e+01
3.592669842390998980e+01
4.144664883349349083e+01
4.666306166111453990e+01
5.151553191284645550e+01
5.594004479933960283e+01
5.988015229854634924e+01
6.330707726649587386e+01
6.624966039504185744e+01
6.877802415990672102e+01
7.097173002331834368e+01
7.290156522497665037e+01
7.462352211987943917e+01
7.949840039847897799e+01
8.170682187882928815e+01
8.331230980741479186e+01
8.469307924291938150e+01
8.594637408993639838e+01
8.710878668671701064e+01
8.819948019262842820e+01
8.923087511381015702e+01
9.021202651265869576e+01
9.114996323323215677e+01
9.205035904452280704e+01
9.291795562371036965e+01
9.375690980002467256e+01
9.457114460548237389e+01
9.536407936775040639e+01
9.613860868022227635e+01
9.689874870373624560e+01
9.764872309220722002e+01
9.839135600428407713e+01
9.912770148948057169e+01
9.985916236277216740e+01
1.005883441796121218e+02
1.013158997338244944e+02
1.020427891481918721e+02
1.027711597707253475e+02
1.035039308246310696e+02
1.042428040487450147e+02
1.049912597198520103e+02
1.057526061326076245e+02
1.065266777141695513e+02
1.073124760520763061e+02
1.081106815129529934e+02
1.089224083038513982e+02
1.097477925612675875e+02
1.105864721015767600e+02
1.114389639088138892e+02
1.123062456374406537e+02
1.131892690906070271e+02
1.140915172837475637e+02
1.150165219191856210e+02
1.159646442108452078e+02
1.169354671622091217e+02
1.179319747634339564e+02
1.189589914437383555e+02
1.200191659511817051e+02
1.211143725444018884e+02
1.222482759373355492e+02
1.234242182371642542e+02
1.246442266802011147e+02
1.259121697010380103e+02
1.272339197157428856e+02
1.286143509023689830e+02
1.300561469194977917e+02
1.315601225614473151e+02
1.331277299806176586e+02
1.347646890614878146e+02
1.364804805782677306e+02
1.382859524875897534e+02
1.401911574891642260e+02
1.422058158496302269e+02
1.443399787658985645e+02
1.466015780429932249e+02
1.489948258574086708e+02
1.515170543280414108e+02
1.541608895843563971e+02
1.569190444557379180e+02
1.597857871326824579e+02
1.627537537657691757e+02
1.658148435997740648e+02
1.689637398073520274e+02
1.721956531358431732e+02
1.755061987587960459e+02
1.788925633085241600e+02
1.823522720124693990e+02
1.858828823657045177e+02
1.894832016416033866e+02
1.931524359582679722e+02
1.968889503470627744e+02
2.006910744775674686e+02
2.045578980821521213e+02
2.084884119563220111e+02
2.124807148127926837e+02
2.165341187958064495e+02
