1.644044305613889985e-04
3.288088611227779970e-04
4.932132916841668871e-04
6.576177222455559940e-04
8.220221528069452093e-04
9.864265539741535419e-04
1.150829417544230225e-03
1.315223569543177724e-03
1.479517229228143049e-03
1.643633023846105459e-03
1.807813103271125070e-03
1.972397224951970111e-03
2.137563992887513836e-03
2.303344750420900471e-03
2.469762204255238937e-03
2.636873418422154211e-03
2.804802749942576258e-03
2.973792242586010149e-03
3.144170573172030622e-03
3.316246994215818738e-03
3.490187480044183721e-03
3.665960728979097364e-03
3.830486600869678800e-03
4.005269757997027662e-03
4.182891467128205254e-03
4.362093427119136113e-03
4.542448167118783367e-03
4.723723945669175764e-03
4.905761303485275775e-03
5.088437933089244233e-03
5.271654687559607956e-03
5.455329266175365684e-03
5.639393801695533233e-03
5.823793784736144841e-03
6.008486604008525869e-03
6.193439317561810417e-03
6.378626098125812251e-03
6.564025928321806820e-03
6.749620877238396953e-03
6.935394972070561305e-03
7.121333565884553282e-03
7.307423098115381661e-03
7.493651084389038770e-03
7.680006136383736408e-03
7.866477893552945369e-03
8.053056896361451486e-03
8.239734501460288518e-03
8.426502890538435306e-03
8.613355141110263721e-03
8.800285292959781139e-03
8.987288370896984527e-03
9.174360364193888048e-03
9.361498186994342968e-03
9.548699663680847161e-03
9.735963611926197470e-03
9.923290125307892076e-03
1.011068053918783884e-02
1.029813574912787598e-02
1.048565793687172669e-02
1.067325080086397628e-02
1.086091947859643345e-02
1.104867388038101479e-02
1.123652428287305778e-02
1.142447876883841661e-02
1.161254531231978825e-02
1.180073818029795697e-02
1.198907512809381168e-02
1.217756858423336454e-02
1.236622031981494084e-02
1.255502472868349692e-02
1.274397302653798580e-02
1.293305819122330183e-02
1.312227479982917486e-02
1.331162160232449328e-02
1.350110001693529023e-02
1.369070997368840303e-02
1.388044444645566283e-02
1.407029192156035100e-02
1.426024451705450863e-02
1.445029977210966765e-02
1.464045532170861301e-02
1.483070599878725040e-02
1.502104837068355715e-02
1.521148069692759321e-02
1.540199940872873617e-02
1.559260087827291259e-02
1.578328632364227324e-02
1.597405943847290261e-02
1.616492516876447127e-02
1.635589338769601747e-02
1.654697707148617206e-02
1.673819204326440491e-02
1.692955491192597167e-02
1.712107312686956401e-02
1.731274159697090628e-02
1.750455843887043991e-02
1.769652356919682729e-02
1.788863458656493946e-02
1.808088823057459396e-02
1.827327698878771639e-02
