-6.702571711623278583e-18
-2.339725228882663655e-16
-8.012050766760536735e-16
2.217701662501209148e-16
-5.506086851649744096e-16
-1.372197113694208909e-11
-7.251816941426591319e-08
-1.289969438093712154e-06
-8.370793173047976030e-06
-2.688600734773668343e-05
-3.691819629742514746e-05
-2.803372778696028929e-05
6.444197044198118397e-06
6.596520045500359859e-05
1.285521860461194131e-04
1.817361819529828687e-04
2.406633002514768215e-04
3.620080828335642069e-04
6.045903535138529667e-04
9.816166321014758046e-04
1.465559460924873315e-03
2.019436848558346740e-03
-4.294372486113521847e-01
-5.401446637958388086e-01
-6.074708281686042044e-01
-6.628844313212713946e-01
-7.118598485872059678e-01
-7.558760930737578043e-01
-7.956368764161935170e-01
-8.316345610049693526e-01
-8.642842397089335327e-01
-8.939670728999895566e-01
-9.210345039535091649e-01
-9.458006414318136379e-01
-9.685388081802654980e-01
-9.894829578987253127e-01
-1.008831591441545994e+00
-1.026753163361828092e+00
-1.043392000468543745e+00
-1.058873852076931632e+00
-1.073309870987169123e+00
-1.086798353986093923e+00
-1.099425038840435631e+00
-1.111263393256341603e+00
-1.122375933378331192e+00
-1.132816546827514204e+00
-1.142632991300831291e+00
-1.151868739243870454e+00
-1.160563876143325235e+00
-1.168755356034675064e+00
-1.176476990664589328e+00
-1.183759269041759321e+00
-1.190628885065543319e+00
-1.197107479717747447e+00
-1.203208944867236063e+00
-1.208948326019551045e+00
-1.214378331877197015e+00
-1.219499140612278820e+00
-1.224283915599134298e+00
-1.228732250582113217e+00
-1.232837003645906426e+00
-1.236688278434816768e+00
-1.240398439395524965e+00
-1.243997161119142270e+00
-1.247400626809224589e+00
-1.250634302057962222e+00
-1.253841539035804198e+00
-1.257053437677139174e+00
-1.260152621170026910e+00
-1.263087789107247172e+00
-1.265862213378651013e+00
-1.268511418330658502e+00
-1.271032475734918954e+00
-1.273447657535661692e+00
-1.275846945072333538e+00
-1.278286322981291301e+00
-1.280719680801974736e+00
-1.283059568562835873e+00
-1.285267757273612421e+00
-1.287401676881508861e+00
-1.289484087393884426e+00
-1.291524227614528009e+00
-1.293504765386856992e+00
-1.295405861601124808e+00
-1.297224726871621936e+00
-1.298928577876954371e+00
-1.300497329619878739e+00
-1.301953531581444112e+00
-1.303338299674865697e+00
-1.304628056157667748e+00
-1.305772104988811133e+00
-1.306753221760755590e+00
-1.307599853283230251e+00
-1.308301027025101426e+00
-1.308818544650324878e+00
-1.309129506162944434e+00
-1.309191790391745380e+00
-1.308984647939933632e+00
-1.308516684869114988e+00
-1.307867443675030827e+00
