3.913268465036073407e-10
3.913268465036073407e-10
3.913268465036073407e-10
3.913268465036073407e-10
3.913268465036073407e-10
9.449018580765744244e-10
5.374294657193918124e-08
8.210112219190560527e-07
5.685580265129873149e-06
2.064516533932545534e-05
5.009177511023491284e-05
9.721432903889077367e-05
1.663224901774425246e-04
2.630110349169524739e-04
3.942545865768796488e-04
5.699279694486455126e-04
8.034478158483634698e-04
1.110967328723862181e-03
1.509342978889769479e-03
2.013503158963204399e-03
2.633789788079466797e-03
3.374431753998831472e-03
4.106359441964968493e-03
5.031596209092181228e-03
6.075817515395936716e-03
7.218546774348259289e-03
8.448525361475988163e-03
9.756859777955420240e-03
1.113579420972798939e-02
1.257843713713200674e-02
1.407866626951466589e-02
1.563107133600176793e-02
1.723089087823478568e-02
1.887393399792115095e-02
2.055649783514509887e-02
2.227529216605763154e-02
2.402737693537268862e-02
2.581011317371635985e-02
2.762112385958015795e-02
2.945826218234658470e-02
3.131958572063214818e-02
3.320333444153335256e-02
3.510791068676467203e-02
3.703186056006901872e-02
3.897385723109398487e-02
4.093268673728649165e-02
4.290723611567917595e-02
4.489648315920599653e-02
4.689948702249095713e-02
4.891537927923485934e-02
5.094335540103545057e-02
5.298266669666280848e-02
5.503261247979880644e-02
5.709253139664523941e-02
5.916178996027051523e-02
6.123978717360947094e-02
6.332601200023109389e-02
6.541995561236509105e-02
6.752109922909635409e-02
6.962893306284695383e-02
7.174293058929502587e-02
7.386266765244038635e-02
7.598788400850554903e-02
7.811837371227381421e-02
8.025374478690582014e-02
8.239361615968653074e-02
8.453780600171804938e-02
8.668619082073156235e-02
8.883854135743350644e-02
9.099462919975137565e-02
9.315423770846752161e-02
9.531716934776836292e-02
9.748319395629892470e-02
9.965209099006892834e-02
1.018237479147700852e-01
1.039981565409556774e-01
1.061752667501147246e-01
1.083548943626875122e-01
1.105367802910073166e-01
1.127207361857768680e-01
1.149066020479354716e-01
1.170942239553180719e-01
1.192834515305296744e-01
1.214741209628729945e-01
1.236660549365586059e-01
1.258590218531127902e-01
1.280527562004902531e-01
1.302470212664801341e-01
1.324416466660758018e-01
1.346364279564467858e-01
1.368310655650070984e-01
1.390252227009408370e-01
1.412185968200201092e-01
1.434108698591847753e-01
1.456016571604998866e-01
1.477905423306356825e-01
1.499770590565538686e-01
1.521607452435548569e-01
1.543412081742568109e-01
1.565181775188090874e-01
