0.000000000000000000e+00
-4.440061977117572667e+00
-8.880123954235145334e+00
-1.332018593135279616e+01
-1.775973200008528963e+01
-2.218227855493860545e+01
-2.655718914632740280e+01
-3.085252361305455437e+01
-3.502675080082553905e+01
-3.927947964949574811e+01
-4.328481375617745641e+01
-4.708394649876513682e+01
-5.066236595645607110e+01
-5.399783704261868422e+01
-5.707907711178043542e+01
-5.990454819353750082e+01
-6.247809127750199565e+01
-6.480908267486861973e+01
-6.691402841042010152e+01
-6.881518672102109235e+01
-7.053724199234245873e+01
-7.210443796584880261e+01
-7.353897053890364077e+01
-7.486033318345663190e+01
-7.608526382340228622e+01
-7.722804557730398756e+01
-7.830083064644581725e+01
-7.931431838121319799e+01
-8.027883974464629091e+01
-8.120362141378382148e+01
-8.209616852534570342e+01
-8.296285383509756173e+01
-8.380743991397575599e+01
-8.463142615383395650e+01
-8.543663782765072767e+01
-8.622477307102325028e+01
-8.699670420707477092e+01
-8.775373361632171054e+01
-8.849787714778958048e+01
-8.923091344169864669e+01
-8.995476820852563549e+01
-9.067129896136918887e+01
-9.138208650787427700e+01
-9.208810796875417282e+01
-9.279035402756842643e+01
-9.349009445757714332e+01
-9.418850138749314738e+01
-9.488628413047524646e+01
-9.558388944557687239e+01
-9.628231310339467086e+01
-9.698322527852201347e+01
-9.768798077725826090e+01
-9.839743386049480023e+01
-9.911251915947677560e+01
-9.983344391896628167e+01
-1.005596196909570921e+02
-1.012907919267079961e+02
-1.020264974596172181e+02
-1.027663063687095075e+02
-1.035104423752670897e+02
-1.042592529243505339e+02
-1.050128458065279773e+02
-1.057715112854345563e+02
-1.065355603615486757e+02
-1.073054686146310956e+02
-1.080815356427220308e+02
-1.088639966472261875e+02
-1.096535249891670389e+02
-1.104514084677288963e+02
-1.112595072423199412e+02
-1.120792779622596242e+02
-1.129115395153866785e+02
-1.137569334184302363e+02
-1.146157162889465866e+02
-1.154880826856856260e+02
-1.163745752533479276e+02
-1.172757649610182966e+02
-1.181923689511311153e+02
-1.191252914552109843e+02
-1.200751639288239119e+02
-1.210427479706513623e+02
-1.220290214884687430e+02
-1.230350323167135116e+02
-1.240621411772797700e+02
-1.251121435512724247e+02
-1.261870565204449122e+02
-1.272891436289619236e+02
-1.284212416392119849e+02
-1.295869683943524535e+02
-1.307899585305342214e+02
-1.320335312476061915e+02
-1.333210335139076506e+02
-1.346564238638127620e+02
-1.360437574137150989e+02
-1.374865651447521770e+02
-1.389877155455330353e+02
-1.405496852274626747e+02
-1.421740792431843943e+02
-1.438617266955769765e+02
-1.456128893850678026e+02
-1.474275593935011557e+02
