3.987571127933726696e-10
3.987571127933726696e-10
3.987571127933726696e-10
1.304517381061195020e-07
5.996789380859327558e-06
3.029599938140580025e-05
8.727094073052578220e-05
2.002679774525708536e-04
3.392266562188862313e-04
5.778261043075450572e-04
9.268465587680253890e-04
1.413741380854611780e-03
2.073101571304834106e-03
2.932757235808609430e-03
4.007189454131763855e-03
5.297647467418547390e-03
6.795276138773300410e-03
8.484503089325922537e-03
1.034607184742021048e-02
1.235968233756559731e-02
1.450588983437669545e-02
1.676713764329629958e-02
1.912811333778551698e-02
2.157569749434335576e-02
2.409875746340705074e-02
2.668785932506759911e-02
2.933473406738991082e-02
3.203209581407279877e-02
3.477414320003761189e-02
3.755600773639395512e-02
4.037372254339750832e-02
4.322487979600472124e-02
4.610724458897204336e-02
4.901849365454867546e-02
5.195669537791729187e-02
5.491982162486732516e-02
5.790582667142658152e-02
6.091299649380552822e-02
6.393981238851542681e-02
6.698471297854301232e-02
7.004619375035202322e-02
7.312307301636246371e-02
7.621452124849137366e-02
7.931963847948778068e-02
8.243742619500875335e-02
8.556709217513958077e-02
8.870787395160995015e-02
9.185904997974980724e-02
9.501975667378616264e-02
9.818915370126812814e-02
1.013669538393298791e-01
1.045526004596942921e-01
1.077455329887051505e-01
1.109456713908336389e-01
1.141528166371911512e-01
1.173667314032140196e-01
1.205872642927455080e-01
1.238141013532883666e-01
1.270467579459630403e-01
1.302846112517664634e-01
1.335273146014522849e-01
1.367745730101886381e-01
1.400259511172756155e-01
1.432810682728431761e-01
1.465396600869830479e-01
1.498014881229395023e-01
1.530662130714844638e-01
1.563330772861939444e-01
1.596012230967016055e-01
1.628699809992453229e-01
1.661389836953016674e-01
1.694079220778591799e-01
1.726764531196783581e-01
1.759441916993802757e-01
1.792104823630811528e-01
1.824747696054818957e-01
1.857363805521720368e-01
1.889945817238130321e-01
1.922487377697963129e-01
1.954983755864618533e-01
1.987429382755310225e-01
2.019817689653612969e-01
2.052139287066112872e-01
2.084381259808720244e-01
2.116530619091407939e-01
2.148575553276957928e-01
2.180500921959136473e-01
2.212285589433144739e-01
2.243906071102906574e-01
2.275340387427674527e-01
2.306567825594105503e-01
2.337562473707175958e-01
2.368293789847566444e-01
2.398733433104769663e-01
2.428857249469741908e-01
2.458643473765320109e-01
2.488072656703654295e-01
2.517129256784496061e-01
2.545801479507611154e-01
2.574081313256523784e-01
