-4.440061977117565561e+00
-8.880123954235134676e+00
-1.332018593135278905e+01
-1.775984548340470681e+01
-2.218396813009952950e+01
-2.656232679438012312e+01
-3.086432022284480681e+01
-3.504942608874873855e+01
-3.930910028673096690e+01
-4.332855356275430125e+01
-4.714747233289880057e+01
-5.075181400569764634e+01
-5.411862129165589863e+01
-5.723500951917414170e+01
-6.009836493220439024e+01
-6.271168228243673326e+01
-6.508310806504113089e+01
-6.722764065962807933e+01
-6.916631428940708304e+01
-7.092312347239548842e+01
-7.252206890595570599e+01
-7.398538905407410482e+01
-7.533277880108674651e+01
-7.658124468124600526e+01
-7.774534424065025462e+01
-7.883749568641503913e+01
-7.986859510807516926e+01
-8.084911787937012662e+01
-8.178852195549828252e+01
-8.269448847139997838e+01
-8.357358440050437309e+01
-8.442985241745597591e+01
-8.526494310314538438e+01
-8.608068586587533844e+01
-8.687883737964784814e+01
-8.766041724311129713e+01
-8.842664091469168852e+01
-8.917955586368661614e+01
-8.992100054571118051e+01
-9.065288188843859984e+01
-9.137700451450012906e+01
-9.209507157166522973e+01
-9.280815554299648795e+01
-9.351723130386548632e+01
-9.422355842914849688e+01
-9.492832393575805838e+01
-9.563223953723579029e+01
-9.633584330807879326e+01
-9.703998084632185339e+01
-9.774632051819391165e+01
-9.845624453481082128e+01
-9.917068574015389970e+01
-9.989059774650148427e+01
-1.006162800490727278e+02
-1.013471789115105253e+02
-1.020830230419519751e+02
-1.028234017966541387e+02
-1.035678292827673346e+02
-1.043164609541433663e+02
-1.050696556559921646e+02
-1.058275367301198600e+02
-1.065904057874504502e+02
-1.073585741806651868e+02
-1.081325035130630425e+02
-1.089125258373979506e+02
-1.096988237423438761e+02
-1.104919906496343458e+02
-1.112932389751789941e+02
-1.121043440862426053e+02
-1.129268074722043451e+02
-1.137616082282330012e+02
-1.146094388347737265e+02
-1.154706137858387223e+02
-1.163452434681848473e+02
-1.172338236495221366e+02
-1.181369665833874905e+02
-1.190553280350543730e+02
-1.199897817081036635e+02
-1.209410574208691571e+02
-1.219098293303773062e+02
-1.228970612311073154e+02
-1.239037518430731524e+02
-1.249312294954879832e+02
-1.259812081145974076e+02
-1.270556101998569716e+02
-1.281566115531054209e+02
-1.292868796855811979e+02
-1.304498686417342697e+02
-1.316492576553285687e+02
-1.328884120790827694e+02
-1.341705450999266702e+02
-1.354994241771429131e+02
-1.368791624862211052e+02
-1.383134094848456073e+02
-1.398051481518373578e+02
-1.413568629004636250e+02
-1.429704087071532399e+02
-1.446467740714158481e+02
-1.463863722109367131e+02
-1.481892548465631876e+02
