0.000000000000000000e+00
-3.724105265988854718e+00
-7.448210531977709437e+00
-1.117231579796650820e+01
-1.489642090260251983e+01
-1.862052262299872041e+01
-2.234459839561457883e+01
-2.606847630564836038e+01
-2.978701851158084679e+01
-3.345374742785803335e+01
-3.692074884970635651e+01
-3.997701668328046765e+01
-4.251903124937918221e+01
-4.578665001249836308e+01
-4.633997590267045297e+01
-4.941083422230727251e+01
-5.129639605752151965e+01
-5.273134527279383832e+01
-5.391770910367982594e+01
-5.494242503677412515e+01
-5.585206587786056787e+01
-5.667510208476434741e+01
-5.743047911306689457e+01
-5.813155596826585736e+01
-5.878813308331958609e+01
-5.940763677401247378e+01
-5.999583718850838210e+01
-6.055732962083052229e+01
-6.109584770592324787e+01
-6.161446389382127364e+01
-6.211574104930246421e+01
-6.260185317816640804e+01
-6.307465976929299245e+01
-6.353577210494474059e+01
-6.398660824028688410e+01
-6.442842808812554267e+01
-6.486233394739629432e+01
-6.528933204198520457e+01
-6.571038490711157465e+01
-6.612640672282027765e+01
-6.653825321386777603e+01
-6.694673927311593786e+01
-6.735269597579738843e+01
-6.775703752250777256e+01
-6.816079354225836084e+01
-6.856513660487337347e+01
-6.897140448069525576e+01
-6.938110877875558913e+01
-6.979615266503500948e+01
-7.021881251109336119e+01
-7.065144734410114324e+01
-7.109608136392391486e+01
-7.155433068252645512e+01
-7.202726163928170422e+01
-7.251586211852233532e+01
-7.302118642773751844e+01
-7.354328133917795185e+01
-7.408146949145341864e+01
-7.463489507533876122e+01
-7.520255604228785273e+01
-7.578351674761961476e+01
-7.637693391212046379e+01
-7.698208031125513173e+01
-7.759862775590644901e+01
-7.822661248270728152e+01
-7.886619069956422834e+01
-7.951722538086242764e+01
-8.017971004881815134e+01
-8.085409649616984495e+01
-8.154116933956684932e+01
-8.224154717583287777e+01
-8.295581529029843182e+01
-8.368461087802198506e+01
-8.442871267207426911e+01
-8.518903949465079961e+01
-8.596681908986093390e+01
-8.676347611596227694e+01
-8.758041739973462825e+01
-8.841918516591444188e+01
-8.928170286692024149e+01
-9.017020563276929579e+01
-9.108727816679645173e+01
-9.203632160748873048e+01
-9.302119995738945590e+01
-9.404654473008132243e+01
-9.511811387208487645e+01
-9.624216030518654463e+01
-9.742495194851640861e+01
-9.867273452131372835e+01
-9.999145324458807238e+01
-1.013871214658313704e+02
-1.028664104629342404e+02
-1.044359017354946388e+02
-1.061012110198506235e+02
-1.078666441788705299e+02
-1.097355430366348514e+02
-1.117102590649106020e+02
-1.137918781079730195e+02
-1.159802772130580877e+02
-1.182736139628924974e+02
-1.206683483779826247e+02
