0.000000000000000000e+00
1.999376237366774773e-10
1.999376237366774773e-10
1.999376237366774773e-10
2.432391627494452798e-10
1.252940295003190010e-09
9.707334246449848685e-09
9.605285185493180284e-08
2.772348075521334933e-06
3.259771739861968957e-05
1.740572690375998465e-04
5.564389182124779764e-04
1.251551008961710332e-03
1.950112405689741722e-03
3.451296231140293935e-03
4.478716023098816904e-03
5.869791442831810355e-03
7.457450015469731415e-03
9.173745748241935935e-03
1.098333123228049935e-02
1.286479269803287272e-02
1.480384458145851331e-02
1.679032727737493277e-02
1.881669158771672248e-02
2.087713494343609519e-02
2.296708369640653585e-02
2.508284393683991864e-02
2.722138292595368755e-02
2.938017488533158778e-02
3.155709005115979460e-02
3.375031743440429222e-02
3.595829599195086990e-02
3.817966527113397096e-02
4.041323377308143200e-02
4.265794919660420570e-02
4.491288333282895257e-02
4.717720914034367885e-02
4.945015991765521618e-02
5.173103038543019894e-02
5.401918705052033420e-02
5.631404750372009937e-02
5.861505339426189426e-02
6.092164620190009677e-02
6.323324336590645245e-02
6.554922585469363794e-02
6.786894698917983471e-02
7.019181000664177772e-02
7.251714140877049686e-02
7.484414093148465674e-02
7.717199077072703362e-02
7.949995134197244961e-02
8.182755883999091873e-02
8.415476287263151667e-02
8.648184866129954296e-02
8.880883973690420485e-02
9.113608986358839870e-02
9.346428502579816333e-02
9.579422249091983088e-02
9.812662617810626042e-02
1.004619809643590989e-01
1.028006135176923880e-01
1.051429448389729349e-01
1.074890587636185002e-01
1.098386786951907612e-01
1.121914228380073292e-01
1.145471075324599602e-01
1.169055280360568050e-01
1.192662594886875482e-01
1.216286009537032031e-01
1.239918051623856571e-01
1.263551201062765583e-01
1.287178195905215872e-01
1.310792695978568179e-01
1.334387596024957101e-01
1.357953225248871298e-01
1.381476592741502363e-01
1.404944372858168145e-01
1.428341477944892746e-01
1.451649209379422822e-01
1.474847572073895163e-01
1.497917046001981389e-01
1.520831866780088526e-01
1.543561491595102919e-01
1.566072763944213742e-01
1.588324098729789469e-01
1.610265765036998087e-01
1.631844638044595008e-01
1.653006827835176717e-01
1.673699451500541557e-01
1.693869536870904746e-01
1.713457589736247233e-01
1.732401856793020500e-01
1.750646825090224346e-01
1.768147049990643205e-01
1.784861610270538912e-01
1.800757991409855374e-01
1.815816510502855918e-01
1.830023320016246346e-01
1.843376428407600409e-01
1.855892730789780454e-01
1.867598272175568230e-01
