0.000000000000000000e+00
3.951643079128587852e-10
3.951643079128587852e-10
9.903839390692800952e-09
4.998683235400555481e-07
2.975113347508238755e-06
1.521986668092711484e-05
6.107643683928331614e-05
1.705457846164511030e-04
3.814117283512399544e-04
7.616116056405519610e-04
1.388108785113770314e-03
2.310237353071387372e-03
3.531415494245919787e-03
5.021589030958323492e-03
6.741196531086272696e-03
8.653465319820800861e-03
1.072771562913375602e-02
1.293919346243998202e-02
1.481510815670438429e-02
1.709788064959202880e-02
1.955700297940058882e-02
2.212794787481469141e-02
2.478321596275926894e-02
2.750739716815676569e-02
3.029025013546913364e-02
3.312424274897896037e-02
3.600360549765039414e-02
3.892382626785625271e-02
4.188121728288052986e-02
4.487269054528925105e-02
4.789541295293039957e-02
5.094694105583511684e-02
5.402503370838939584e-02
5.712753410672465754e-02
6.025269702396713473e-02
6.339899946436444722e-02
6.656436279059520233e-02
6.974673391825256252e-02
7.294479587274255161e-02
7.615775553728355851e-02
7.938534107278960583e-02
8.262784449361340600e-02
8.588459173828372206e-02
8.915507965156173331e-02
9.243863415312507381e-02
9.573443392120645212e-02
9.904173888281905813e-02
1.023597806574099850e-01
1.056877949729370242e-01
1.090250112951574313e-01
1.123715026286147972e-01
1.157271856784417019e-01
1.190916815947596630e-01
1.224643261629825286e-01
1.258447494055252025e-01
1.292324545838880734e-01
1.326272977044659351e-01
1.360291330241291674e-01
1.394372018534854873e-01
1.428510384229886854e-01
1.462701329939375128e-01
1.496933613151441023e-01
1.531201319673012040e-01
1.565500487811332664e-01
1.599826782961913940e-01
1.634178741737692397e-01
1.668557983633771336e-01
1.702955614095582881e-01
1.737364981724391910e-01
1.771786133302186150e-01
1.806218003861520260e-01
1.840665047954747890e-01
1.875131357492023088e-01
1.909624083322323806e-01
1.944152842907851675e-01
1.978731374375928831e-01
2.013373815011701984e-01
2.048084048762017217e-01
2.082858246904623623e-01
2.117688890190534134e-01
2.152569624962643868e-01
2.187489360783728409e-01
2.222435938715641435e-01
2.257400067414897238e-01
2.292371357327926684e-01
2.327331088638311951e-01
2.362254922241316391e-01
2.397115605076489686e-01
2.431882794953963978e-01
2.466518134125811335e-01
2.500975813733757880e-01
2.535215806699805952e-01
2.569219624251879996e-01
2.602979787164252934e-01
2.636484879997866293e-01
2.669720633473869342e-01
2.702662180830165406e-01
2.735273929717792485e-01
2.767517036851587231e-01
2.799356571339120525e-01
