3.700807375947163005e-07
7.401614751894089900e-07
1.110242212784121902e-06
1.480322950378799134e-06
1.850402869793801404e-06
2.220165256177639436e-06
2.609532495533107283e-06
3.065460384151811166e-06
3.531882509067303955e-06
3.984294171985490059e-06
4.427141654220597073e-06
4.868767425590040369e-06
5.306134621910155558e-06
5.747439398184148563e-06
6.211187269921258669e-06
6.731188941545556598e-06
7.304239439632082992e-06
7.858159939675864576e-06
8.233922970086069720e-06
8.626966591663238007e-06
9.014672041268987138e-06
9.397730157805302869e-06
9.773102706629658822e-06
1.013271121431142162e-05
1.047051069175620718e-05
1.078648130531073936e-05
1.108538656511907850e-05
1.137330984013892032e-05
1.165562059798511532e-05
1.193656778173352556e-05
1.221943515999158549e-05
1.250655802839012012e-05
1.279890904747942729e-05
1.309576256573476094e-05
1.339498213811906814e-05
1.369378674097465015e-05
1.398954460184298494e-05
1.428032159378100098e-05
1.456510758844813686e-05
1.484375867126556238e-05
1.511675561118000198e-05
1.538489348735622866e-05
1.564895472764952117e-05
1.590934743752001418e-05
1.616671373608235236e-05
1.642187790982091772e-05
1.667545738073580294e-05
1.692753316178516020e-05
1.717782167891828383e-05
1.742544638220830993e-05
1.766843872332154140e-05
1.790239353592347244e-05
1.812116287597607115e-05
1.832024647087185669e-05
1.850617124641505719e-05
1.868259154177061637e-05
1.884955909436058274e-05
1.900906838568726371e-05
1.916427892589076456e-05
1.932350841502896035e-05
1.949559398197058565e-05
1.969046293773344192e-05
1.991265992093538043e-05
2.015876446627161940e-05
2.042253065138129446e-05
2.069709953947720452e-05
2.097598882453749123e-05
2.125235646956190935e-05
2.151570799422650474e-05
2.176009244186027656e-05
2.199637795454683460e-05
2.224059418241118325e-05
2.249505352522911719e-05
2.275114425626976409e-05
2.300859774392379975e-05
2.327465681688242554e-05
2.355621501449798287e-05
2.385605155868232146e-05
2.418484869620119460e-05
2.456185588183391896e-05
2.499253515079711372e-05
2.546807927151993172e-05
2.598409225029044888e-05
2.653259242813620029e-05
2.709130550496114754e-05
2.763154589959280978e-05
2.813467854030835116e-05
2.860199097180260891e-05
2.905064724668833182e-05
2.951313469897964172e-05
3.001400522963828372e-05
3.056035466699000974e-05
3.114549887623779936e-05
3.176561874839140231e-05
3.242083093715383260e-05
3.309263585862770818e-05
3.376718573177505637e-05
3.445348893758057134e-05
3.515629365780561914e-05
3.585344770912608997e-05
