2.151192635482801485e-16
1.457235482456298303e-16
5.703174477816874699e-16
4.981502406756210810e-16
2.437240920151115264e-12
1.756618783486691045e-08
5.964356651600680615e-07
-1.130248594633225401e-06
-1.163529607233664345e-05
-2.710965582639160735e-05
-4.716454074362011256e-05
-6.436829308679076255e-05
-8.100771797357400475e-05
-8.758376934054522755e-05
-9.730287078338339946e-05
-1.125512793669204530e-04
-1.125317968457563954e-04
-8.695357852838878857e-05
-2.322677538415276761e-03
-2.647974010222944440e-03
-2.371269539545449619e-03
-1.837362249836872480e-03
-1.243947098839339079e-03
-6.955076871891043878e-04
-2.201440350149030034e-04
1.876174403843931804e-04
5.387113855984912740e-04
8.460717242880910890e-04
1.128458973605556571e-03
1.406471931994406847e-03
1.696206673737137710e-03
2.007122561649959686e-03
2.342015683733893530e-03
2.697129905366646603e-03
3.063525505998213484e-03
3.430278326293970722e-03
3.787578567873838876e-03
4.128388900280392966e-03
4.448927358063917148e-03
4.748446600942331404e-03
5.028456636705059928e-03
5.291959249171014276e-03
5.543165468514269986e-03
5.785244334060322090e-03
6.018118856737421710e-03
6.241586151932342931e-03
6.457554495659004190e-03
6.669456040307755219e-03
6.881825109845312802e-03
7.102816186696762728e-03
7.352077419765744998e-03
7.661341101132453438e-03
8.026253306945181631e-03
8.338255912097664035e-03
8.618213817853780795e-03
8.902500411441052058e-03
9.185782116186954130e-03
9.459259268387400221e-03
9.654954705660658693e-03
9.749643760546397239e-03
9.783775162661649538e-03
9.831028987223017213e-03
9.934321050751366081e-03
1.010636091189160389e-02
1.035438038071205026e-02
1.064382697586177366e-02
1.095206930625321380e-02
1.130007882724698605e-02
1.166874121503921891e-02
1.198119372246959045e-02
1.219957286141449930e-02
1.243808765292341890e-02
1.279684826642424507e-02
1.326565348141071736e-02
1.381047925048042510e-02
1.434214987720771814e-02
1.478446966774941973e-02
1.507815120635530061e-02
1.518429932856646056e-02
1.510811726142562324e-02
1.488865373404845045e-02
1.450727561816224885e-02
1.407711840901324472e-02
1.372764427392220328e-02
1.351646390888003833e-02
1.343109152216284859e-02
1.338839582109496197e-02
1.329932216215680765e-02
1.304365388616134103e-02
1.252812189631035376e-02
1.177144322250003525e-02
1.091290394550917253e-02
1.001420159384069052e-02
9.073097568909144206e-03
8.266788782144075809e-03
7.642391958355077702e-03
7.067865139406732250e-03
6.589819924213235688e-03
6.334371095463440203e-03
6.200875860929255627e-03
