-1.895384334356155140e-07
-3.790768668713561772e-07
-5.686163674142521787e-07
-7.586600883811328443e-07
-9.487131968298315372e-07
-1.113030486978893978e-06
-8.105582524953697347e-07
-2.839966243699356951e-08
1.164254292092644882e-06
2.319637874442908183e-06
3.334483168542252641e-06
4.295011716356721257e-06
5.295880022171081318e-06
6.207192590070950930e-06
6.801652410070867417e-06
7.129859670381451700e-06
6.800917755698008197e-06
7.120558810476098943e-06
7.602246233767309496e-06
8.157108103488815585e-06
8.765044182858147196e-06
9.414896333368575791e-06
1.009347307269072969e-05
1.078863023047780970e-05
1.149225494033593801e-05
1.220041835675451768e-05
1.291242253277346329e-05
1.362814090970374300e-05
1.434120168976493989e-05
1.503282506829728418e-05
1.568244279730429924e-05
1.626695438917984447e-05
1.671880442842991273e-05
1.689373683679909759e-05
1.665953850635563783e-05
1.614587948695895330e-05
1.551663517607861941e-05
1.481165586469407657e-05
1.380233982845631870e-05
1.226890480763491529e-05
1.030675136517728295e-05
8.105707114458435758e-06
5.780329209746791602e-06
3.501213830600419747e-06
1.338876421058964421e-06
-6.183360637345881877e-07
-2.190376372026187372e-06
-3.227665185859205499e-06
-3.692344061987509816e-06
-3.663569159518294374e-06
-3.173209190346729175e-06
-2.269751355959027747e-06
-9.676600988935405176e-07
6.886945069434992484e-07
2.626689086948481439e-06
4.776319572123292176e-06
7.213099537014220768e-06
1.012687779701195863e-05
1.361867710435377062e-05
1.752429340502429606e-05
2.148515171078829554e-05
2.524782701153696442e-05
2.878234041618995029e-05
3.214713332888357379e-05
3.537849056098216162e-05
3.858666258600313299e-05
4.166861540564590515e-05
4.441538126946126166e-05
4.654782016631562713e-05
4.781512642143726535e-05
4.809432713794501276e-05
4.753430764238528340e-05
4.643819320469882658e-05
4.477824507408955930e-05
4.263173136841726357e-05
4.028967366165830374e-05
3.799010229450435638e-05
3.566219272847095072e-05
3.298665362283181531e-05
2.961953977340635313e-05
2.590336895469769158e-05
2.220213654216913744e-05
1.862936593230184567e-05
1.519016009343802682e-05
1.178720800011952969e-05
8.545361917289996323e-06
5.795638091197343687e-06
3.861550217551283504e-06
2.821886688599947535e-06
2.430100812758529667e-06
2.436118590531612012e-06
2.523429330459760315e-06
2.673704200602670197e-06
2.882221005722278946e-06
2.951964730516933226e-06
2.715290959344105012e-06
2.125239156071412659e-06
1.146245859258840931e-06
-9.877371319035419011e-08
-1.534444822067159803e-06
