2.520100943369650075e-08
5.040201886737854901e-08
7.560302830109292348e-08
1.008040377347640993e-07
1.260050471684435469e-07
1.512133217120877000e-07
1.926261559125701366e-07
4.093464324039087431e-07
8.833785009047936307e-07
1.460611254120820777e-06
2.103600695632791365e-06
2.945780693581019687e-06
4.169764010958389799e-06
5.914876353912472160e-06
8.283705558294569293e-06
1.131894475171277354e-05
1.137808441152395748e-05
1.404441541985311536e-05
1.779924467889296104e-05
2.229388852244236019e-05
2.741492281215591255e-05
3.311937430183788236e-05
3.938671317645597278e-05
4.619731131084417377e-05
5.352829596388791869e-05
6.135433979732654304e-05
6.964403783976392788e-05
7.835793381300814296e-05
8.745263520172061105e-05
9.688699400419570600e-05
1.066259305246145998e-04
1.166405925783092789e-04
1.269061710852669193e-04
1.373995064769565288e-04
1.480978275360573409e-04
1.589788923457360892e-04
1.700218273819946945e-04
1.812077826923491803e-04
1.925201304139239700e-04
2.039444258891895401e-04
2.154683051704623232e-04
2.270812453378355674e-04
2.387741503843654706e-04
2.505389304522272751e-04
2.623682678078748001e-04
2.742555883423502031e-04
2.861951128062128775e-04
2.981818828750278701e-04
3.102117446894588765e-04
3.222813039254199328e-04
3.343878597926377028e-04
3.465293348656868716e-04
3.587042418124181792e-04
3.709117409084405296e-04
3.831518585077253909e-04
3.954260063173798247e-04
4.077381677505741652e-04
4.200976239672590731e-04
4.325222106089080974e-04
4.450291181266697932e-04
4.576231574529602761e-04
4.703018825956691929e-04
4.830587991952831626e-04
4.958676774805303219e-04
5.086807973248840290e-04
5.214421772327008453e-04
5.341110758415816952e-04
5.467063779087449806e-04
5.592610076409234004e-04
5.717899984043601190e-04
5.843034085215579373e-04
5.968123885043808514e-04
6.093388944298711637e-04
6.218943221939443817e-04
6.344764306824775572e-04
6.470855336173555322e-04
6.597164532578984148e-04
6.723517508290076513e-04
6.849676205309876810e-04
6.975365686995142495e-04
7.100383153814788205e-04
7.224918150632135549e-04
7.349129355217068685e-04
7.472844794029666208e-04
7.595783847392427544e-04
7.717765567510591600e-04
7.838777517435979161e-04
7.959015412302935556e-04
8.078798568596700855e-04
8.198288684526484297e-04
8.317344803793925035e-04
8.435734849888029381e-04
8.553381067684147224e-04
8.670342031536744723e-04
8.786661971600809654e-04
8.902320656471996146e-04
9.017272198084589317e-04
9.131597116777538138e-04
9.245508412320282672e-04
9.359307415790733961e-04
