1.049186169259190560e-14
2.054021015773788150e-14
3.233377514301125077e-14
4.105142468362535380e-14
5.293190202555059232e-14
5.578603713956437060e-14
-3.169374354014011224e-08
-2.763299187136857645e-06
-8.651262755765342727e-06
-2.018925616445606773e-05
-4.288127110988490618e-05
-7.135722045663022025e-05
-1.120436972857350767e-04
-1.731218277548676450e-04
-2.551958686370125236e-04
-3.901781222121866906e-04
-2.280868636541305561e-02
-3.437175867017343289e-02
-4.415281468796314335e-02
-5.364898293238292565e-02
-6.306984250621926191e-02
-7.228473527983053648e-02
-8.109353726533635731e-02
-8.939039870693936407e-02
-9.717167669594345414e-02
-1.044252573470837442e-01
-1.110931620464399167e-01
-1.171368233536229098e-01
-1.225766760525490995e-01
-1.274716889821413124e-01
-1.318880261315481528e-01
-1.358823880790538119e-01
-1.394953246923834600e-01
-1.427517754399464101e-01
-1.456700508077439227e-01
-1.482717187418846061e-01
-1.505837621355330114e-01
-1.526350924046923352e-01
-1.544528712124546288e-01
-1.560604518745051794e-01
-1.574769038391154452e-01
-1.587180500280838680e-01
-1.597984355244653210e-01
-1.607332226313480383e-01
-1.615389116308429129e-01
-1.622324147819498297e-01
-1.628292227318064722e-01
-1.633420913017576415e-01
-1.637809535981492037e-01
-1.641535067587266972e-01
-1.644656926184859813e-01
-1.647218804744286502e-01
-1.649248694320178676e-01
-1.650756667500458130e-01
-1.651726589282633828e-01
-1.652090384196846506e-01
-1.651669748216184619e-01
-1.650359880425048831e-01
-1.648943787450991294e-01
-1.648439630603737160e-01
-1.648742908408025454e-01
-1.649437391879404746e-01
-1.649014776569953933e-01
-1.645348240778820581e-01
-1.637715018292691393e-01
-1.627647845582134156e-01
-1.619546159191929124e-01
-1.613995764677895461e-01
-1.608633090384195830e-01
-1.603208111563761695e-01
-1.597796239172121768e-01
-1.593258969707414541e-01
-1.589659825253046666e-01
-1.585898246912977594e-01
-1.581506980883195246e-01
-1.576165935363914861e-01
-1.569110672919582505e-01
-1.560236776604078113e-01
-1.548001649615905473e-01
-1.532100739722122018e-01
-1.516226362038037845e-01
-1.499952063071954278e-01
-1.480268897689814289e-01
-1.457764899961759841e-01
-1.434334757289908724e-01
-1.411332764668543627e-01
-1.390228239537970312e-01
-1.372356778337628924e-01
-1.357209552714141454e-01
-1.342418476171051145e-01
-1.327059575075368036e-01
-1.311620001834764848e-01
-1.296869231853669535e-01
-1.282901950125790447e-01
-1.269625748925124753e-01
-1.256474265141118429e-01
-1.243530271716515312e-01
-1.231628927590739248e-01
-1.221428659789303844e-01
-1.212827045200610271e-01
