1.171954698308129898e-08
2.343909396615675806e-08
3.515864094920885922e-08
4.687818793229382260e-08
5.859773491539807584e-08
7.031728189851257289e-08
8.203747437229359300e-08
9.420067965620702324e-08
1.059202975697277576e-07
1.311557848622685526e-07
2.340071956995404814e-07
5.346601313011496967e-07
1.242090892597969189e-06
2.678679708308861619e-06
5.266377690083377957e-06
9.464503341427018025e-06
1.563992706793582995e-05
2.397020541098901557e-05
3.443026183597475728e-05
4.681117601510202588e-05
6.078574475706723687e-05
7.599283413528109730e-05
9.209835268968104716e-05
1.088244599735204137e-04
1.259560206867254835e-04
1.433341485451743234e-04
1.608452453158893563e-04
1.784101089985101632e-04
1.959744994347182364e-04
2.135016676217063732e-04
2.309669923300338562e-04
2.483544055192650328e-04
2.656540293697698418e-04
2.828605367649138333e-04
2.999719697214134166e-04
3.169888819409111790e-04
3.339136913066674279e-04
3.507501582273278204e-04
3.675029666500246391e-04
3.841774110321578319e-04
4.007791781414183165e-04
4.173141995981647203e-04
4.337885373266581581e-04
4.502082519947113491e-04
4.665791962254856821e-04
4.829065990286900015e-04
4.991937218656178343e-04
5.154396756449553712e-04
5.316386052130991132e-04
5.477852174423596511e-04
5.638871036439828312e-04
5.799629095502202439e-04
5.960260766814573421e-04
6.120908686017771227e-04
6.281726616850422367e-04
6.442865585949371149e-04
6.604406481019602137e-04
6.766425889589032169e-04
6.928935595014139304e-04
7.091949323202111728e-04
7.255490587321100247e-04
7.419572437888779853e-04
7.584172324000771010e-04
7.749293505996311887e-04
7.914968755634796144e-04
8.081259001259144840e-04
8.248236984085667925e-04
8.415951136647088250e-04
8.584438078930186180e-04
8.753737583174330808e-04
8.923882985754739506e-04
9.094890494691595419e-04
9.266769719960810375e-04
9.439534458284264563e-04
9.613202969389151795e-04
9.787764248663519476e-04
9.963199012330979827e-04
1.013950708943808180e-03
1.031672380329870650e-03
1.049491244155037169e-03
1.067413299615957824e-03
1.085442488557399011e-03
1.103582199204013398e-03
1.121836246683854737e-03
1.140206287924141505e-03
1.158690035850914665e-03
1.177284721532619689e-03
1.195989376171630687e-03
1.214803997193445416e-03
1.233725824643531598e-03
1.252750473307541771e-03
1.271874577294817297e-03
1.291097127686230677e-03
1.310417350307602940e-03
1.329837354944437937e-03
1.349360784136229658e-03
1.368985578716913881e-03
1.388707447853426528e-03
1.408523890520001773e-03
1.428430498801512094e-03
