-3.746668495635829112e-08
-7.493336991274773716e-08
-1.124000548690995697e-07
-1.498659161901548863e-07
-1.873237794352682975e-07
-2.247752131464053348e-07
-2.622578890873121952e-07
-3.001331175058768281e-07
-3.386830781773281551e-07
-3.775623572306292054e-07
-4.161098325144357836e-07
-4.535940018443605405e-07
-4.855108486448504346e-07
-4.755038877254002414e-07
-2.814623613781891154e-07
3.933003425822861072e-07
1.885891801823246386e-06
4.450260887774355485e-06
8.279011434206207237e-06
1.357187270493504360e-05
2.057287690294443524e-05
2.958549399869465462e-05
4.094406679791384566e-05
5.491900463429774074e-05
7.162204376470068475e-05
9.098106729312134024e-05
1.127799864921196534e-04
1.367180140564196037e-04
1.624614125837430781e-04
1.896817601910481875e-04
2.180801664747201573e-04
2.473988843085785853e-04
2.774234859929051566e-04
3.079798707178520406e-04
3.389295464685294652e-04
3.701636957869992644e-04
4.015972834503869250e-04
4.331645602307691531e-04
4.648151741446502391e-04
4.965108403932789755e-04
5.282228514891344762e-04
5.599300762037328185e-04
5.916173561561052698e-04
6.232740356039988576e-04
6.548928025644102377e-04
6.864690387308851338e-04
7.180000939735779394e-04
7.494847825482588545e-04
7.809230055042813744e-04
8.123154832361714327e-04
8.436636027119633757e-04
8.749694399990443246e-04
9.062351425238249084e-04
9.374620253348573849e-04
9.686510423703496939e-04
9.998039993802979811e-04
1.030922732756111519e-03
1.062008652336270641e-03
1.093063149123536890e-03
1.124087816366905893e-03
1.155084161448505621e-03
1.186053894393944604e-03
1.216998485010480514e-03
1.247919090116778734e-03
1.278816651021207756e-03
1.309691988825159104e-03
1.340545948390463446e-03
1.371379604602631893e-03
1.402194202331980000e-03
1.432990525559832071e-03
1.463769064311656659e-03
1.494530165980031793e-03
1.525274127948456808e-03
1.556001214913245185e-03
1.586711668945691356e-03
1.617406105057644710e-03
1.648085767171086295e-03
1.678751648223804089e-03
1.709404876756873137e-03
1.740047447498964958e-03
1.770682348409608224e-03
1.801312576278611645e-03
1.831940020255471346e-03
1.862565874681295979e-03
1.893191176480185081e-03
1.923815673591296399e-03
1.954437407037663832e-03
1.985054435446227672e-03
2.015667721085265349e-03
2.046277826227299243e-03
2.076883215536075820e-03
2.107479199288321298e-03
2.138055991714963872e-03
2.168601374379541293e-03
2.199101889348540305e-03
2.229548447801745804e-03
2.259938794442178673e-03
2.290277859306858160e-03
2.320577846791916851e-03
2.350853628491682713e-03
