2.967402053786517835e-16
-4.127252738791303832e-17
-2.976897293125238542e-17
5.393011030038475902e-11
1.879727621433957118e-09
2.263175924371182654e-09
5.738529648010811703e-09
2.328696235423022059e-08
-5.569983884809660601e-08
-2.195524096483885085e-07
-3.591097259669237898e-07
-2.235855303525518276e-05
-2.270301211461871844e-04
-1.199898386493614697e-03
-3.862639582588863613e-03
-8.548501322199992397e-03
-1.494071221291371973e-02
-2.294930706133713194e-02
-3.295871850436174477e-02
-4.554268621930052802e-02
-6.125353940117111984e-02
-8.026120576543471774e-02
-1.019038501552627651e-01
-1.248062278090881771e-01
-1.474663125362238314e-01
-1.687234788059817081e-01
-1.878684701810094115e-01
-2.045803126701880026e-01
-2.188335407609894312e-01
-2.307961438768008910e-01
-2.407336946383462628e-01
-2.489375924536172402e-01
-2.556864554868636397e-01
-2.612338776124694117e-01
-2.658004030627624803e-01
-2.695717696821043341e-01
-2.726990462932626924e-01
-2.753050510394333683e-01
-2.774905110276665865e-01
-2.793369791861965434e-01
-2.809103541508837232e-01
-2.822639086440797418e-01
-2.834404013554635560e-01
-2.844739042672946860e-01
-2.853924050988043692e-01
-2.862183903049214106e-01
-2.869696286635705085e-01
-2.876601972988775402e-01
-2.883013797864508176e-01
-2.889026283098704018e-01
-2.894728273426071530e-01
-2.900169619050748659e-01
-2.905341075626254876e-01
-2.910252148414702589e-01
-2.914967270099191876e-01
-2.919521552600712888e-01
-2.923924525447068601e-01
-2.928196537237836017e-01
-2.932357272890818711e-01
-2.936413948635470117e-01
-2.940391786925140583e-01
-2.944293206131501361e-01
-2.948113660550109039e-01
-2.951854701221568456e-01
-2.955524780396096007e-01
-2.959134750767603572e-01
-2.962682998652508837e-01
-2.966147602939075978e-01
-2.969523464884569752e-01
-2.972808954816404392e-01
-2.976002846725515072e-01
-2.979107178745539763e-01
-2.982123325853971441e-01
-2.985052160425814560e-01
-2.987911103780744870e-01
-2.990739685052830055e-01
-2.993542440645063363e-01
-2.996330175385255590e-01
-2.999150157136343808e-01
-3.002048919544317296e-01
-3.005017837474385223e-01
-3.007996991518945284e-01
-3.010947280018878569e-01
-3.013873569192899726e-01
-3.016707821225508845e-01
-3.019348816589944029e-01
-3.021808324948081492e-01
-3.024227903717072174e-01
-3.026578852525852459e-01
-3.028738971469497332e-01
-3.030526265749298176e-01
-3.031662138741756385e-01
-3.031994420127054335e-01
-3.031426546937544542e-01
-3.030173088233028555e-01
-3.028658294482322044e-01
-3.027380046509492439e-01
-3.026775634941420989e-01
-3.026926351333075194e-01
-3.027363070594175087e-01
