3.999270398389492073e-10
3.999270398389492073e-10
3.999270398389492073e-10
4.035233161533729802e-10
4.425147921106788137e-10
5.141158668152063548e-10
8.984453612022119400e-10
3.817118710764601907e-09
1.171453079329406696e-08
2.411429932665420566e-08
4.448559834175564200e-08
1.168653289161655462e-07
6.433720845484627396e-07
3.189853407358508617e-06
1.123971209797896371e-05
3.008592378107370117e-05
6.652761741071643324e-05
1.291806545489048840e-04
2.289869322759266565e-04
3.791048652440077971e-04
5.939637711449444277e-04
8.875690184572053269e-04
1.271392746402173236e-03
1.752723892097909734e-03
2.334158354489670930e-03
3.014133278772371510e-03
3.787967799139235845e-03
4.649004961109938147e-03
5.589632161729408272e-03
6.602050395291401974e-03
7.678764325731772533e-03
8.812852269219250551e-03
9.998087835436699974e-03
1.122896617564944459e-02
1.250067969718407328e-02
1.380905975186440780e-02
1.515050181987248439e-02
1.652189044745620838e-02
1.792052799078443920e-02
1.934406846082524847e-02
2.079046093809560139e-02
2.225790306852208286e-02
2.374480321573614258e-02
2.524974997614458372e-02
2.677148695760631081e-02
2.830889169697187180e-02
2.986095761918888813e-02
3.142677858202206492e-02
3.300553567416866785e-02
3.459648592500048914e-02
3.619895239830246692e-02
3.781231837145894448e-02
3.943602234428354725e-02
4.106954790913986547e-02
4.271241921831378519e-02
4.436419784939585331e-02
4.602447742257096547e-02
4.769288228227570869e-02
4.936906533928175911e-02
5.105270301946315814e-02
5.274349376743499990e-02
5.444115462639537856e-02
5.614541896795587073e-02
5.785603477921602567e-02
5.957276426357138027e-02
6.129538381469392533e-02
6.302368571483181470e-02
6.475747760220763871e-02
6.649657121509595925e-02
6.824078541512622331e-02
6.998994694019632090e-02
7.174388962219850618e-02
7.350245336246721828e-02
7.526548324083112695e-02
7.703283203529334711e-02
7.880436247423906748e-02
8.057993973234918450e-02
8.235942918941854818e-02
8.414269966652415667e-02
8.592962332919559798e-02
8.772007688436146700e-02
8.951394123180092532e-02
9.131109717376424684e-02
9.311142648846644498e-02
9.491481958939768093e-02
9.672117606839825132e-02
9.853039489414101848e-02
1.003423703618702145e-01
1.021570067118742209e-01
1.039741923955781466e-01
1.057938027493610100e-01
1.076157203073365848e-01
1.094398503992709548e-01
1.112661061739161905e-01
1.130944168195345545e-01
1.149247083949843096e-01
1.167569253668385709e-01
1.185910592090283766e-01
1.204271072956074329e-01
1.222650256054721440e-01
