-4.054997693310492757e+00
-8.109995386620990843e+00
-1.216499307993127665e+01
-1.621999077324197813e+01
-2.027498846655227638e+01
-2.432998341101370343e+01
-2.838472921356544632e+01
-3.243641192563556075e+01
-3.647191584579458379e+01
-4.046989365306896502e+01
-4.441726243714764877e+01
-4.830742576114546694e+01
-5.213223054784614874e+01
-5.588130343980867565e+01
-5.954243799027652528e+01
-6.309872877369519273e+01
-6.652793720029279712e+01
-6.980468649463753650e+01
-7.290439353967377656e+01
-7.580753860460949056e+01
-7.850337238335596624e+01
-8.099148750423873366e+01
-8.418567963830308543e+01
-8.653063321533730345e+01
-8.859363403518219116e+01
-9.047597173564078332e+01
-9.221237444594311228e+01
-9.382327057822392646e+01
-9.532426779511760628e+01
-9.672836677999646326e+01
-9.804667002833826928e+01
-9.928871683018654437e+01
-1.004627225641633288e+02
-1.015757886738493028e+02
-1.026340837842239324e+02
-1.036429943228164490e+02
-1.046072480748064919e+02
-1.055310135369406765e+02
-1.064179790742538785e+02
-1.072714172168731324e+02
-1.080942392803621743e+02
-1.088890438223377402e+02
-1.096581597300255453e+02
-1.104036830659268702e+02
-1.111275069646790712e+02
-1.118313453714082613e+02
-1.125167528027792514e+02
-1.131851422783048093e+02
-1.138378025436823009e+02
-1.144759146496719779e+02
-1.151005677067175412e+02
-1.157127741429070511e+02
-1.163134857508513988e+02
-1.169036138647519891e+02
-1.174840609213197382e+02
-1.180557500822491050e+02
-1.186195467376247734e+02
-1.191761640492811978e+02
-1.197263912793314518e+02
-1.202711518922373131e+02
-1.208114715292247610e+02
-1.213483932810340775e+02
-1.218826289270780876e+02
-1.224143808309797379e+02
-1.229438687720966072e+02
-1.234717605409734773e+02
-1.239985894827362358e+02
-1.245244064841373159e+02
-1.250492047818084416e+02
-1.255732050338404946e+02
-1.260966422842940062e+02
-1.266197186737169176e+02
-1.271426786615075173e+02
-1.276658786223517268e+02
-1.281895742616451059e+02
-1.287136607904764105e+02
-1.292378037788266738e+02
-1.297618784137542889e+02
-1.302861216355398994e+02
-1.308108408280343156e+02
-1.313361909013839863e+02
-1.318622817028414147e+02
-1.323892701836100230e+02
-1.329173854090375357e+02
-1.334468869305977989e+02
-1.339780972482881793e+02
-1.345114787292079654e+02
-1.350475250611089848e+02
-1.355866153900663846e+02
-1.361290709463626172e+02
-1.366753414667378195e+02
-1.372260502726848586e+02
-1.377818506860581635e+02
-1.383433645260161313e+02
-1.389112831453004446e+02
-1.394864095374285000e+02
-1.400696782531512952e+02
-1.406621541560773778e+02
-1.412648537046636363e+02
-1.418785148625034367e+02
