0.000000000000000000e+00
1.758923724526306076e+00
3.517847448888143269e+00
5.276771039418451714e+00
7.035694443978600887e+00
8.794617552989572928e+00
1.055352897267417234e+01
1.231213209953540755e+01
1.405842515901645484e+01
1.570493889621640449e+01
1.709430088552844040e+01
1.817930572669749267e+01
1.903584817260761852e+01
1.974354814765601063e+01
2.127244350221085156e+01
2.089596046883051983e+01
2.236079321851790880e+01
2.315825576071441105e+01
2.371891679293603161e+01
2.417194993257807312e+01
2.456307312039177049e+01
2.491311321790557187e+01
2.523330899355591583e+01
2.553050986790200838e+01
2.580927929846884439e+01
2.607286532319361072e+01
2.632370025935317770e+01
2.656367266934575611e+01
2.679429134484168884e+01
2.701679023944801727e+01
2.723219227840256806e+01
2.744136248194114458e+01
2.764504447004621923e+01
2.784388401923040135e+01
2.803844805802995310e+01
2.822923575908908944e+01
2.841669644954033558e+01
2.860123821288464896e+01
2.878323388555439521e+01
2.896303197640362015e+01
2.914096703012516087e+01
2.931736139579766132e+01
2.949253946141919513e+01
2.966683504722656295e+01
2.984058614701780954e+01
3.001416275030533853e+01
3.018802242124144541e+01
3.036272573139575215e+01
3.053896675247347048e+01
3.071775386688702270e+01
3.090039935111872182e+01
3.108834923054446620e+01
3.128269667294746625e+01
3.148432208734125481e+01
3.169412217165644563e+01
3.191268992773724023e+01
3.213968533700955987e+01
3.237399111371449578e+01
3.261471548104849916e+01
3.286115181349167358e+01
3.311297033930386391e+01
3.336978273937219086e+01
3.363115431820956047e+01
3.389674323489735031e+01
3.416626762349367397e+01
3.443959603532713487e+01
3.471654880542927657e+01
3.499677690533688690e+01
3.527980099431608352e+01
3.556546698499897730e+01
3.585393266989753869e+01
3.614531798276461672e+01
3.643966866209393629e+01
3.673700487439636220e+01
3.703729326320912918e+01
3.734058569543523731e+01
3.764730443297805351e+01
3.795798335220497677e+01
3.827299114048546613e+01
3.859274908165473761e+01
3.891779869896075894e+01
3.924845083320044381e+01
3.958507853479589755e+01
3.992819007605940129e+01
4.027848150401581506e+01
4.063681244445787399e+01
4.100412555101902257e+01
4.138193360414250321e+01
4.177217194113532628e+01
4.217647256434659653e+01
4.259613589007904011e+01
4.303233565573967212e+01
4.348689499578476614e+01
4.396205079761838164e+01
4.446002942417889159e+01
4.498311129205864489e+01
4.553366233260757667e+01
4.611403125127105795e+01
4.672592299300638530e+01
4.737032759288638317e+01
4.804797091230026496e+01
