0.000000000000000000e+00
1.000410585369075046e-10
1.000582546391191115e-10
1.143274190837308120e-10
1.480052800260219166e-10
2.460853733327964332e-10
3.593908578447105228e-09
1.366045614548692860e-07
6.274706023221552236e-06
6.410639375188161720e-05
2.608141792880541840e-04
6.244670271752263396e-04
1.116460681211515473e-03
1.695242669729360527e-03
2.135155280181065540e-03
3.026202472910122926e-03
3.547443604886423019e-03
4.234426480122668521e-03
4.993406286214058243e-03
5.793874370377102324e-03
6.622769171582350463e-03
7.473298515105879572e-03
8.341372082601239760e-03
9.224239622851133913e-03
1.011989670823881977e-02
1.102679519712357163e-02
1.194368793881754771e-02
1.286954213725392641e-02
1.380348349645869541e-02
1.474476392120213121e-02
1.569273415266730920e-02
1.664682507491549446e-02
1.760653550443733173e-02
1.857142059832679257e-02
1.954108720371249691e-02
2.051518138415393475e-02
2.149338272512968384e-02
2.247540129311074997e-02
2.346097558667467609e-02
2.444986138131205813e-02
2.544183050671864482e-02
2.643666969571677530e-02
2.743417703849883316e-02
2.843416410399092487e-02
2.943644183822541685e-02
3.044080489458912339e-02
3.144702241402158593e-02
3.245483121182017594e-02
3.346390945709869919e-02
3.447381400687886399e-02
3.548403041684730641e-02
3.649413196996866005e-02
3.750404234396541303e-02
3.851391271748163397e-02
3.952396641459314519e-02
4.053453682962242233e-02
4.154634486769064050e-02
4.256008439072861416e-02
4.357633379625035219e-02
4.459531449914724138e-02
4.561711155800665662e-02
4.664189501611824135e-02
4.766985953646098867e-02
4.870116701264097514e-02
4.973591662351538323e-02
5.077422287304157733e-02
5.181623319953609919e-02
5.286208335087502069e-02
5.391173439330235184e-02
5.496502406641239069e-02
5.602182713589296675e-02
5.708196682034361036e-02
5.814524523875137102e-02
5.921153612842413455e-02
6.028073729468749753e-02
6.135256623310657298e-02
6.242661541438043055e-02
6.350246961034398951e-02
6.457981195364453919e-02
6.565826646148886780e-02
6.673753710826635377e-02
6.781731771744949067e-02
6.889716368816632686e-02
6.997642176179824647e-02
7.105434707509866721e-02
7.213028664040364857e-02
7.320342585126671242e-02
7.427262807058085392e-02
7.533683142845988556e-02
7.639505398905541145e-02
7.744643066155783295e-02
7.848985476302476616e-02
7.952368483957406031e-02
8.054627917797844983e-02
8.155601612142163170e-02
8.255115934315590542e-02
8.352992083051988259e-02
8.449074800024167220e-02
8.543259282509553521e-02
8.635453261259250224e-02
8.725526726733422167e-02
