0.000000000000000000e+00
-2.504825094214963244e+00
-5.009650188429927375e+00
-7.514475282644920817e+00
-1.001930037685986186e+01
-1.252412509506371308e+01
-1.502894450179247343e+01
-1.753374620542813389e+01
-2.003850933662951306e+01
-2.254318636434227585e+01
-2.504736190718828226e+01
-2.754739737566855950e+01
-3.004025746952725129e+01
-3.248979895152341868e+01
-3.484974732605954273e+01
-3.706315361079715132e+01
-3.908355329337703665e+01
-4.089015718130950461e+01
-4.248843071049735443e+01
-4.390028485411263404e+01
-4.515358934604344654e+01
-4.627548656774655456e+01
-4.728945841947415829e+01
-4.821468678345539871e+01
-4.906643111234109966e+01
-4.985671888754607295e+01
-5.059505549610469899e+01
-5.128901084492035523e+01
-5.194466259960211119e+01
-5.256693761936361398e+01
-5.315988344845268188e+01
-5.372684783627734362e+01
-5.427063528741579290e+01
-5.479362286214328748e+01
-5.529784071899338471e+01
-5.578504117800357420e+01
-5.625674455236395488e+01
-5.671428602557153198e+01
-5.715884575523188005e+01
-5.759146344675772866e+01
-5.801307196384436082e+01
-5.842451871578151668e+01
-5.882657630587792852e+01
-5.921995311327017220e+01
-5.960529451938705137e+01
-5.998319256468950300e+01
-6.035420424288830077e+01
-6.071884969267458132e+01
-6.107761603809222350e+01
-6.143096405793131964e+01
-6.177933217502757657e+01
-6.212313665716234112e+01
-6.246277336400199687e+01
-6.279862524444402538e+01
-6.313107446651517307e+01
-6.346051358026358002e+01
-6.378731708177095072e+01
-6.411182266277552344e+01
-6.443436200069824338e+01
-6.475529272468661190e+01
-6.507501611582262058e+01
-6.539399597432388589e+01
-6.571277325206024500e+01
-6.603193226382768444e+01
-6.635208237326997960e+01
-6.667391276215955997e+01
-6.699826214712777528e+01
-6.732610361915983788e+01
-6.765840225800869234e+01
-6.799613034883118701e+01
-6.834035506517851388e+01
-6.869222859434152895e+01
-6.905304217915191600e+01
-6.942426903203156030e+01
-6.980740244172294240e+01
-7.020371269269074332e+01
-7.061419585979982116e+01
-7.103944514440934199e+01
-7.147967194263057422e+01
-7.193494094862168708e+01
-7.240528506546142751e+01
-7.289070899875446230e+01
-7.339114609608542139e+01
-7.390650682454116804e+01
-7.443666125259419175e+01
-7.498142881341696864e+01
-7.554052903099336902e+01
-7.611366667502676364e+01
-7.670065143748952607e+01
-7.730126031413324483e+01
-7.791518080040550842e+01
-7.854203126384774691e+01
-7.918138979324824334e+01
-7.983289869538539563e+01
-8.049627220836748620e+01
-8.117130660588509272e+01
-8.185785435978203850e+01
-8.255574815380470000e+01
-8.326497758971123631e+01
-8.398581884706058531e+01
-8.471862797469314899e+01
