0.000000000000000000e+00
1.999376237366774773e-10
1.999376237366774773e-10
1.999376237366774773e-10
1.999376237366774773e-10
2.573433206092211227e-10
1.160875557539324722e-09
5.320747654475289406e-09
1.723797511269020352e-08
4.986765733685265508e-08
2.311393622793207401e-07
1.798003590417590505e-06
1.050861854210654339e-05
4.106741381288905738e-05
1.156950632825665202e-04
2.591452254467604488e-04
4.899093144500244650e-04
8.144854766063299150e-04
1.228820424482196397e-03
1.723087879979630713e-03
2.285829177442863860e-03
2.906253665065202697e-03
3.575120943966776481e-03
4.284863797673071559e-03
5.029405692589605271e-03
5.803889164417274510e-03
6.604419137391742342e-03
7.427851845236063504e-03
8.271624484669474683e-03
9.133621598429049124e-03
1.001208691956455635e-02
1.090554567841224738e-02
1.181274743700522906e-02
1.273262502582681900e-02
1.366425923285964281e-02
1.460685108333942273e-02
1.555969939702282756e-02
1.652218161315067643e-02
1.749374237377477811e-02
1.847388126487382876e-02
1.946214135396632031e-02
2.045810142000891590e-02
2.146137209814073452e-02
2.247159223441691500e-02
2.348842640126598200e-02
2.451155511125096068e-02
2.554067614950112849e-02
2.657550382176839324e-02
2.761576603909865132e-02
2.866120324339307621e-02
2.971156728551010984e-02
3.076662381776229180e-02
3.182614991289115652e-02
3.288993094920018151e-02
3.395775543760719273e-02
3.502941444735895721e-02
3.610472063107063312e-02
3.718349600431976321e-02
3.826556186336044912e-02
3.935073258719744282e-02
4.043881287616563763e-02
4.152958866248581543e-02
4.262283082889886665e-02
4.371831995835720464e-02
4.481583129868541016e-02
4.591511074853975999e-02
4.701585111903705538e-02
4.811772053737046334e-02
4.922044109690065089e-02
5.032372435202511762e-02
5.142724353304779783e-02
5.253066534014316780e-02
5.363358976591548616e-02
5.473558908691586455e-02
5.583629840485306028e-02
5.693549607283245051e-02
5.803304166846767753e-02
5.912896153542714084e-02
6.022340851361498298e-02
6.131650823298283315e-02
6.240838078450056114e-02
6.349912725230728860e-02
6.458889320828305192e-02
6.567781906515146595e-02
6.676607095977746265e-02
6.785381919723083854e-02
6.894127893858538469e-02
7.002863404165705907e-02
7.111602237197811593e-02
7.220362845992468748e-02
7.329165285752484160e-02
7.438031891642715721e-02
7.546984877740477160e-02
7.656039466085641509e-02
7.765209384428981010e-02
7.874505263687561762e-02
7.983936610760306030e-02
8.093514509586174910e-02
8.203238222849902617e-02
8.313091941097228155e-02
8.423061141708595989e-02
