9.115794445536334223e+00
1.823158889107264713e+01
2.734738263266489255e+01
3.646313184910742677e+01
4.557848460685921310e+01
5.468100217956038023e+01
6.365646535672925665e+01
7.221404288098499080e+01
7.992584745618965769e+01
8.640103842387500777e+01
9.162199248217896752e+01
9.587089373991751984e+01
1.037062670016517245e+02
1.025476310781002809e+02
1.100558825512040215e+02
1.137526988099169358e+02
1.164379136096692235e+02
1.186878814232993875e+02
1.206773306844588518e+02
1.224823565322417096e+02
1.241458276456042000e+02
1.256956943855891495e+02
1.271519041447564859e+02
1.285294058017690020e+02
1.298397955999517990e+02
1.310923591434676325e+02
1.322946926299089512e+02
1.334530873016352643e+02
1.345728161769172857e+02
1.356583961676270746e+02
1.367136800224800481e+02
1.377420828330416782e+02
1.387466653102063958e+02
1.397301247275358662e+02
1.406948046134752417e+02
1.416428289723235991e+02
1.425761555968694267e+02
1.434966326528219724e+02
1.444061315670367662e+02
1.453064284171084353e+02
1.461992945868638287e+02
1.470863206251554516e+02
1.479689403231298570e+02
1.488490470432990662e+02
1.497289149117047486e+02
1.506112081606958100e+02
1.514989852186876931e+02
1.523958904952969817e+02
1.533056901080143177e+02
1.542321284401065782e+02
1.551786855712381339e+02
1.561484733652451951e+02
1.571457578726824806e+02
1.581754032082629919e+02
1.592417065528811975e+02
1.603490637676685253e+02
1.615032227617579395e+02
1.627094945621545889e+02
1.639706224809356172e+02
1.652884921833524174e+02
1.666649871261059275e+02
1.681019282644635382e+02
1.696008686738613847e+02
1.711629436401230464e+02
1.727886336634514350e+02
1.744794591628788112e+02
1.762377583853751730e+02
1.780656186534661174e+02
1.799656249519886728e+02
1.819424977877873744e+02
1.840023104271542707e+02
1.861517277810509654e+02
1.883969934820285914e+02
1.907426687616091101e+02
1.931950325621095317e+02
1.957619480278060848e+02
1.984497421874121414e+02
2.012649195598701226e+02
2.042148749166889274e+02
2.073077355223072402e+02
2.105502773733804247e+02
2.139505173731994603e+02
2.175190082470392952e+02
2.212682758011194721e+02
2.252096643676086671e+02
2.293523690703949285e+02
2.337015876712552256e+02
2.382597607749909798e+02
2.430258152043885218e+02
2.479938748083543203e+02
2.531565310117690615e+02
2.585071003077397336e+02
2.640399372761931431e+02
2.697508978894602478e+02
2.756371030091410148e+02
2.816969269879018043e+02
2.879304896843817119e+02
2.943376232567275110e+02
3.009173113854634494e+02
3.076684475891698298e+02
