0.000000000000000000e+00
2.504825094214962800e+00
5.009650188429929152e+00
7.514475282644922594e+00
1.001930036698148818e+01
1.252412280418701584e+01
1.502893291377360008e+01
1.753371123484317806e+01
2.003829349050152331e+01
2.254051343346393210e+01
2.502237749218658891e+01
2.742700662086346597e+01
2.979273081767611231e+01
3.192701430667734641e+01
3.381612714303193457e+01
3.545939392702018722e+01
3.688356058480206912e+01
3.812520226336131657e+01
3.921948455911507381e+01
4.019585167997970387e+01
4.107742014062803548e+01
4.188189537599787116e+01
4.262282711416450809e+01
4.331068457114002257e+01
4.395365762212384908e+01
4.455823137203180551e+01
4.512959322078879865e+01
4.567193699387994599e+01
4.618869443326076407e+01
4.668270707185162394e+01
4.715635292344853724e+01
4.761165040830886852e+01
4.805032780482439136e+01
4.847387350359596070e+01
4.888358538500382622e+01
4.928059521678670052e+01
4.966589418785690668e+01
5.004035828895318616e+01
5.040477127942693159e+01
5.075983435883214412e+01
5.110617857258661445e+01
5.144438538539525041e+01
5.177498809790252210e+01
5.209847538145481849e+01
5.241530335755797410e+01
5.272589916410377242e+01
5.303065676737849543e+01
5.332993977578907163e+01
5.362408944562135105e+01
5.391342641007174308e+01
5.419825013589368723e+01
5.447884470121635303e+01
5.475548122284038044e+01
5.502841537935715621e+01
5.529788611973113888e+01
5.556411987710404787e+01
5.582733424124064925e+01
5.608774289686491699e+01
5.634555495089889376e+01
5.660097617265870440e+01
5.685421241243167145e+01
5.710546225174120138e+01
5.735491750182880821e+01
5.760277766590989756e+01
5.784924979232550868e+01
5.809453289530793541e+01
5.833881229100325783e+01
5.858227392722287163e+01
5.882513429920145853e+01
5.906765095118328190e+01
5.931010938341979255e+01
5.955280882483898353e+01
5.979607562601060522e+01
6.004028822871586613e+01
6.028586549200511513e+01
6.053334268564268683e+01
6.078336594240136037e+01
6.103662238409182095e+01
6.129392308964531111e+01
6.155613473429453109e+01
6.182412832827566262e+01
6.209884029219702484e+01
6.238134161562400948e+01
6.267298805055185795e+01
6.297506890112841660e+01
6.328850309114088901e+01
6.361405124998586302e+01
6.395242576806283807e+01
6.430400979599428979e+01
6.466892329632666758e+01
6.504724895152865827e+01
6.543900751728790510e+01
6.584419502233660637e+01
6.626295072662084351e+01
6.669547809793034787e+01
6.714178667136908985e+01
6.760163192037708768e+01
6.807462976064739735e+01
6.856056344209133613e+01
6.905940242684521024e+01
6.957115928897884771e+01
