0.000000000000000000e+00
1.999376237366774773e-10
1.999376237366774773e-10
1.999376237366774773e-10
2.012839383700440941e-10
5.696605873721372712e-10
2.844584096190419046e-09
1.086596070210907584e-08
6.469744096101880115e-08
7.641433951261098574e-07
7.532797500693386191e-06
3.872969575805240299e-05
1.131452188045670908e-04
2.662793983106917918e-04
5.113162143995359345e-04
8.469553927732805182e-04
1.263176368252652516e-03
1.747473402089015550e-03
2.288075129335690686e-03
2.875125218844202385e-03
3.500811195870549321e-03
4.159041506123954852e-03
4.845039420636867988e-03
5.555013804609689777e-03
6.285921725352968531e-03
7.035298774907569261e-03
7.801133193504583042e-03
8.581772639688704449e-03
9.375852830089159359e-03
1.018223557002888302e-02
1.099995135975705141e-02
1.182816177095197437e-02
1.266613909416949846e-02
1.351324615412939807e-02
1.436892717007340683e-02
1.523269730013760738e-02
1.610413078025073330e-02
1.698284816990850224e-02
1.786850767627639822e-02
1.876079703226583503e-02
1.965942286192345206e-02
2.056410990227117153e-02
2.147459989977871034e-02
2.239064712212623931e-02
2.331201670905835854e-02
2.423848615438203499e-02
2.516984711782257675e-02
2.610590193088440508e-02
2.704646374853399843e-02
2.799135668142595929e-02
2.894041342458981286e-02
2.989347512246750410e-02
3.085039063373169396e-02
3.181101773629266966e-02
3.277522143278820826e-02
3.374287292632951324e-02
3.471384734062544358e-02
3.568802358158547350e-02
3.666528482383153709e-02
3.764551743010048634e-02
3.862860876057598591e-02
3.961445259261909407e-02
4.060294680916202298e-02
4.159398500502575757e-02
4.258746583252928652e-02
4.358329257732918016e-02
4.458137301077821218e-02
4.558161182135066908e-02
4.658390558600680048e-02
4.758814320573843959e-02
4.859421723955643230e-02
4.960202363369729112e-02
5.061145085653674658e-02
5.162237588811021544e-02
5.263467304426239918e-02
5.364817061931121539e-02
5.466270174926336767e-02
5.567810280795816580e-02
5.669416490506812289e-02
5.771070412309210751e-02
5.872754185527866155e-02
5.974446957002729763e-02
6.076124719731168522e-02
6.177756071632211493e-02
6.279321327056489044e-02
6.380816466304754797e-02
6.482237525360816377e-02
6.583579045815307618e-02
6.684851497910998530e-02
6.786067394776387762e-02
6.887235209177751394e-02
6.988364927864132436e-02
7.089466356377795153e-02
7.190541252520740723e-02
7.291591175158215754e-02
7.392628927928300564e-02
7.493675510163154418e-02
7.594751068167339414e-02
7.695864778113076232e-02
7.797021482233371104e-02
7.898225580688916780e-02
