4.054997693310491869e+00
8.109995386620981961e+00
1.216499307993126777e+01
1.621999077324197103e+01
2.027498838286961558e+01
2.432972606364895896e+01
2.837812859374729157e+01
3.239580756882618573e+01
3.636515832951925375e+01
4.028460781698790072e+01
4.415091411921176245e+01
4.795299637664475512e+01
5.167430333627262229e+01
5.529573388392230271e+01
5.879585981080415991e+01
6.215086692395579604e+01
6.533623209992285297e+01
6.833006932947098733e+01
7.111741100993025100e+01
7.369334924501794148e+01
7.606274725758171940e+01
7.823759928673938191e+01
8.098558423768666614e+01
8.298084079430640259e+01
8.474192364492265028e+01
8.635389705156798357e+01
8.784441170810102051e+01
8.922966144964918556e+01
9.052212480398405603e+01
9.173235524201186308e+01
9.286954121407076457e+01
9.394173625997626687e+01
9.495599114222980575e+01
9.591846601831048247e+01
9.683454325772264326e+01
9.770892941246590624e+01
9.854574126681194457e+01
9.934858413415942380e+01
1.001206256039294260e+02
1.008646600750161326e+02
1.015831606723844089e+02
1.022783212974547524e+02
1.029520928121314256e+02
1.036062148771753755e+02
1.042422438220481098e+02
1.048615766147721047e+02
1.054654710547664109e+02
1.060550625612845579e+02
1.066313781691518585e+02
1.071953488073111913e+02
1.077478207133556367e+02
1.082895660060695775e+02
1.088212920263800072e+02
1.093436491770572161e+02
1.098572373411497551e+02
1.103626113022604187e+02
1.108602857307991627e+02
1.113507401886052293e+02
1.118344243949700854e+02
1.123117641041687449e+02
1.127831687459319454e+02
1.132490432187041591e+02
1.137097934760779196e+02
1.141657847053058958e+02
1.146173172543922902e+02
1.150647613410247629e+02
1.155085949109346473e+02
1.159493302385910170e+02
1.163873977961307986e+02
1.168231569141812116e+02
1.172570585325577923e+02
1.176896596851477028e+02
1.181212914572574135e+02
1.185521452286049993e+02
1.189823677547547618e+02
1.194120272921209818e+02
1.198414636635265680e+02
1.202712705775440298e+02
1.207020112839173152e+02
1.211338492236446456e+02
1.215667708855118718e+02
1.220009362392888335e+02
1.224366235088992880e+02
1.228739632857709552e+02
1.233127844653044605e+02
1.237529035964945336e+02
1.241945311899418982e+02
1.246379060609494331e+02
1.250829101259121501e+02
1.255293937874195933e+02
1.259773218076380203e+02
1.264267544463940283e+02
1.268778942421940599e+02
1.273308944277081594e+02
1.277858490962277074e+02
1.282430532920052997e+02
1.287030810194988248e+02
1.291665540521759965e+02
1.296338476453705653e+02
1.301051463384216049e+02
