3.913268465036073407e-10
3.913268465036073407e-10
3.913268465036073407e-10
3.913268465036073407e-10
4.062796948880623038e-10
4.875838504817145115e-08
1.386341995947015812e-06
9.428572090213657291e-06
2.867572983327747429e-05
6.046747773349362922e-05
1.070983933631501687e-04
1.737464995608847785e-04
2.680544663656466136e-04
3.994582051521911839e-04
5.794283223825854668e-04
8.217374410454303304e-04
1.141795513092373413e-03
1.554808761723237625e-03
2.073040415938844083e-03
2.703501342841362586e-03
3.447569013945828587e-03
4.302088603308495095e-03
5.136214592197582696e-03
6.149965948621005825e-03
7.265628567746751192e-03
8.464850452313857701e-03
9.738350835086090340e-03
1.107902584921227444e-02
1.248065975842587404e-02
1.393759859315656970e-02
1.544466934675487943e-02
1.699716857364811512e-02
1.859085561245806331e-02
2.022193078861215729e-02
2.188699915129975818e-02
2.358303134202587720e-02
2.530732852311589481e-02
2.705748879996905387e-02
2.883137235221779060e-02
3.062706738873864631e-02
3.244286079792050442e-02
3.427721418349743282e-02
3.612874355535927035e-02
3.799620128537999075e-02
3.987845976028488171e-02
4.177449684860610329e-02
4.368338354119025851e-02
4.560427385241987153e-02
4.753639669722235783e-02
4.947904901144539042e-02
5.143158932489040602e-02
5.339343144380590683e-02
5.536403838200390504e-02
5.734291689031825734e-02
5.932961286046935234e-02
6.132370759248637060e-02
6.332481462159049446e-02
6.533257672823031270e-02
6.734666288013321789e-02
6.936676497138263842e-02
7.139259410069589973e-02
7.342387631420552174e-02
7.546035894987671022e-02
7.750182473275550599e-02
7.954804670201896799e-02
8.159878556962796292e-02
8.365380470939033641e-02
8.571290309557395848e-02
8.777591428060593781e-02
8.984266826345709001e-02
9.191291840163634541e-02
9.398649560908607647e-02
9.606331079691357577e-02
9.814322996022792345e-02
1.002261710425784574e-01
1.023119725434372129e-01
1.044004387491602875e-01
1.064913395943575952e-01
1.085845714978693061e-01
1.106801133102878060e-01
1.127778707263488445e-01
1.148776857198820917e-01
1.169794296709710663e-01
1.190830463526107302e-01
1.211885455587676658e-01
1.232958051391237209e-01
1.254046060913016902e-01
1.275149037592573364e-01
1.296266807072517513e-01
1.317398508587338257e-01
1.338543210364551983e-01
1.359699557778573098e-01
1.380866015290343196e-01
1.402041698504186418e-01
1.423225494237798372e-01
1.444415324600000494e-01
1.465608442406330925e-01
1.486802730833922670e-01
1.507997160478017629e-01
1.529190641444654608e-01
