2.432662969491532490e+00
4.865325938983065868e+00
7.297988908474739134e+00
9.730651877966129959e+00
1.216331484745770197e+01
1.459597781669269700e+01
1.702862897042761503e+01
1.946095327893954874e+01
2.189078454859754785e+01
2.431116177144496149e+01
2.670926036952186777e+01
2.907071084981640752e+01
3.138505763445958863e+01
3.364566601091750186e+01
3.584813313143951063e+01
3.798916649041738225e+01
4.006548420187107951e+01
4.207387410012765372e+01
4.425372371918609105e+01
4.620551511574613102e+01
4.804976723525759752e+01
4.980992763152066516e+01
5.149103739584816708e+01
5.309442499044596531e+01
5.462101339623023932e+01
5.607207038028989388e+01
5.744935378289630989e+01
5.875510043777133262e+01
5.999196582354176144e+01
6.116294983033290578e+01
6.227137720271414167e+01
6.332086247937496637e+01
6.431517600377618749e+01
6.525809456657978558e+01
6.615330702332548185e+01
6.700435797577443964e+01
6.781460558938823624e+01
6.858719229622347768e+01
6.932503355390548450e+01
7.003082368838224170e+01
7.070704980909526682e+01
7.135600383939255664e+01
7.197979037166672356e+01
7.258033396117937741e+01
7.315938898293802595e+01
7.371855162530778216e+01
7.425927444498243801e+01
7.478288579748888765e+01
7.529062026080396208e+01
7.578365572065560229e+01
7.626307926993401054e+01
7.672976248836936009e+01
7.718446777027961048e+01
7.762803811856244351e+01
7.806135118270945839e+01
7.848525541962455065e+01
7.890046776999024303e+01
7.930765481038956466e+01
7.970761331841494268e+01
8.010127614872091328e+01
8.048943075499100530e+01
8.087240509973713642e+01
8.125024270677131710e+01
8.162312510773557506e+01
8.199142182632712661e+01
8.235566478303638860e+01
8.271640441126653798e+01
8.307395679586085180e+01
8.342855001539575710e+01
8.378046504921148596e+01
8.412995683279174841e+01
8.447726213453526611e+01
8.482267027007661397e+01
8.516655229407437844e+01
8.550932189501686764e+01
8.585126841128717956e+01
8.619262559665627066e+01
8.653368744551252689e+01
8.687465928537226034e+01
8.721562494083252659e+01
8.755667098379538515e+01
8.789782748090432563e+01
8.823906913165973265e+01
8.858046531044912797e+01
8.892200821363617536e+01
8.926363361288048281e+01
8.960540472150873370e+01
8.994740322562996937e+01
9.028971479068017914e+01
9.063239035116326647e+01
9.097540286813344323e+01
9.131888138338204897e+01
9.166307527847115466e+01
9.200826461832618008e+01
9.235465160710809585e+01
9.270223000065314523e+01
9.305094464066829119e+01
9.340076733652092855e+01
9.375160753900408395e+01
9.410323687553096761e+01
