3.913268465036073407e-10
3.913268465036073407e-10
3.913268465036073407e-10
3.913268465036073407e-10
3.913268465036073407e-10
3.913838241095098538e-10
3.038078258420535452e-09
8.401400655131440492e-08
8.166437387213458503e-07
4.235136526605808183e-06
1.447879889443354512e-05
3.670401706495382652e-05
7.528769318030890131e-05
1.337119997721352858e-04
2.149391041764194541e-04
3.217418004294024005e-04
4.571266630757360558e-04
6.242437361550052469e-04
7.838228901185702053e-04
1.002742694934559810e-03
1.265757654736814411e-03
1.571370844414863872e-03
1.920910440852345146e-03
2.316153253591145527e-03
2.758654421390099604e-03
3.249559806786824368e-03
3.789564436960840381e-03
4.378910105016254987e-03
5.017403117595823844e-03
5.704451500855759784e-03
6.439073640688817990e-03
7.219900119447361306e-03
8.045235456010433814e-03
8.913161640998916446e-03
9.821631764954839861e-03
1.076854013771435213e-02
1.175177728373840748e-02
1.276927327844343089e-02
1.381902707092479143e-02
1.489912124944155203e-02
1.600772707435300923e-02
1.714310724253870558e-02
1.830362039748277547e-02
1.948772644131309753e-02
2.069398988440110387e-02
2.192108022647301646e-02
2.316776901510845046e-02
2.443292258018614840e-02
2.571548811036192955e-02
2.701448151096502021e-02
2.832901324470832663e-02
2.965830479882538076e-02
3.100156889659247753e-02
3.235805474299841694e-02
3.372703297790634325e-02
3.510785072940314500e-02
3.649991411761896454e-02
3.790264136174888859e-02
3.931541711521299720e-02
4.073766256606383557e-02
4.216893120030411335e-02
4.360897344080096050e-02
4.505750466990702391e-02
4.651416415608119331e-02
4.797857267579204443e-02
4.945032164849207795e-02
5.092908729453625438e-02
5.241465482549266530e-02
5.390675829256812157e-02
5.540516249601825510e-02
5.690965811980985833e-02
5.842002720786280967e-02
5.993602963376516712e-02
6.145742707601242055e-02
6.298401591636322572e-02
6.451568948334865383e-02
6.605230428223078654e-02
6.759370265960364110e-02
6.913981977377185728e-02
7.069058638285044549e-02
7.224589269022417548e-02
7.380568671897247413e-02
7.536991749385232864e-02
7.693847695152394861e-02
7.851135830342997890e-02
8.008851906891961692e-02
8.166985219050859612e-02
8.325530061260326409e-02
8.484477752409945450e-02
8.643822498814518474e-02
8.803560076756430930e-02
8.963675412887983640e-02
9.124156962420874872e-02
9.284992891855635422e-02
9.446175398743103524e-02
9.607703520858147661e-02
9.769570684721770593e-02
9.931770737619621814e-02
1.009430309005598242e-01
1.025717150828922702e-01
