0.000000000000000000e+00
8.787018391553531593e-01
1.757403678310708539e+00
2.636105516826299233e+00
3.514807313670749167e+00
4.393508438867356425e+00
5.272207461679509599e+00
6.150891888025971532e+00
7.028670418199943981e+00
7.894204068503422711e+00
8.707192140163263261e+00
9.500219983783546596e+00
1.018217970912099979e+01
1.075248414179533718e+01
1.121694561384396138e+01
1.159124044342247828e+01
1.189428703402343146e+01
1.214326263890746915e+01
1.235182088085478824e+01
1.253017838191026456e+01
1.268579492497397965e+01
1.282408068323999473e+01
1.294897926750536321e+01
1.306339759636226638e+01
1.316950843183808573e+01
1.326897391568448903e+01
1.336308260465509967e+01
1.345283962632037067e+01
1.353903424342447259e+01
1.362228964256341790e+01
1.370310107675118338e+01
1.378186625322045700e+01
1.385891527885109653e+01
1.393452383506752668e+01
1.400892804453851603e+01
1.408233632413645076e+01
1.415493601911663113e+01
1.422690096728622144e+01
1.429839764307602756e+01
1.436959100337233330e+01
1.444064918377421236e+01
1.451174503054582843e+01
1.458306258423924007e+01
1.465480932980511319e+01
1.472723599742729483e+01
1.480068253609170803e+01
1.487565356088821922e+01
1.495291257012703490e+01
1.503335797832959031e+01
1.511769671336771204e+01
1.520649623991858768e+01
1.530035017454984825e+01
1.539950737270328673e+01
1.550373276615759011e+01
1.561275428889100603e+01
1.572629342893810822e+01
1.584376187854528872e+01
1.596461475287590304e+01
1.608861915714799196e+01
1.621560671260952446e+01
1.634542403497285079e+01
1.647783970548115917e+01
1.661248701106754311e+01
1.674891699724855343e+01
1.688656592320228000e+01
1.702504527116199995e+01
1.716424956409072067e+01
1.730413433804188017e+01
1.744455165836871657e+01
1.758544222198580798e+01
1.772680075815110357e+01
1.786855947041137682e+01
1.801051367017854332e+01
1.815249761736064116e+01
1.829453577794022223e+01
1.843672386863581281e+01
1.857900689320262444e+01
1.872127175106977859e+01
1.886341637947590755e+01
1.900543374111888539e+01
1.914741576002820267e+01
1.928941336995625733e+01
1.943145876952440432e+01
1.957365189164982056e+01
1.971608199219471658e+01
1.985879451365257253e+01
2.000180743037254061e+01
2.014517891420830509e+01
2.028898026624258222e+01
2.043323194221777328e+01
2.057788393987146591e+01
2.072287247839352631e+01
2.086813386366343437e+01
2.101365478532304820e+01
2.115953139735736599e+01
2.130593534653569421e+01
2.145308044837406314e+01
2.160117381941083892e+01
2.175041111901991897e+01
2.190105416773565850e+01
2.205334114575225612e+01
