0.000000000000000000e+00
1.000410585369075046e-10
1.000410585369075046e-10
1.001738749345468226e-10
1.091049277455984229e-10
2.658339571644253379e-10
9.143509971120202382e-10
6.343538368830932585e-09
3.775145785714000423e-07
6.022234315979041957e-06
3.553895031696717221e-05
8.946243536827121103e-05
1.959892114485709295e-04
3.595449055323606826e-04
5.781529306801135590e-04
8.453870855893911131e-04
1.153572227753814784e-03
1.495630738352799003e-03
1.865698559591329056e-03
2.259126246790348763e-03
2.672288795756354567e-03
3.102367527204488804e-03
3.547156579751945763e-03
4.004910940820182591e-03
4.474227891270499136e-03
4.953960752439363728e-03
5.443157441958079192e-03
5.941011687095784297e-03
6.446829750601526521e-03
6.960008309969148606e-03
7.480017041844347694e-03
8.006382457027224481e-03
8.538680705338804605e-03
9.076529824431070134e-03
9.619583585805132828e-03
1.016752792982438328e-02
1.072007728635756413e-02
1.127697008576719964e-02
1.183796419893892032e-02
1.240283448448736316e-02
1.297136954451225642e-02
1.354336726803959459e-02
1.411863417990322743e-02
1.469697651432191540e-02
1.527819342433514409e-02
1.586205842385517498e-02
1.644829128409582356e-02
1.703653215142732907e-02
1.762646537477415357e-02
1.821796712294216844e-02
1.881095602719718221e-02
1.940532659908935503e-02
2.000121999907602047e-02
2.059898867418126500e-02
2.119890818066782340e-02
2.180125269749774025e-02
2.240644787725232234e-02
2.301473018219686237e-02
2.362611181308789388e-02
2.424065156855611386e-02
2.485843802051033655e-02
2.547963186262182378e-02
2.610446491804806202e-02
2.673316949884128532e-02
2.736598358241595572e-02
2.800296647333174252e-02
2.864403003342600590e-02
2.928911587020726834e-02
2.993826659227914050e-02
3.059143955640498957e-02
3.124857617692809383e-02
3.190965874250416973e-02
3.257472091242558099e-02
3.324373817045828128e-02
3.391658830215872611e-02
3.459314869390087144e-02
3.527339533240773928e-02
3.595728004503966069e-02
3.664473944168351177e-02
3.733564318883268035e-02
3.802982738476511082e-02
3.872719845448854836e-02
3.942766204760281279e-02
4.013104893168989440e-02
4.083718350184419033e-02
4.154589949413439731e-02
4.225703736769150648e-02
4.297041408727107770e-02
4.368587655199452496e-02
4.440328291517062903e-02
4.512251055369845970e-02
4.584342279957735050e-02
4.656585734661249781e-02
4.728961126982599017e-02
4.801442139349098442e-02
4.874000422748829553e-02
4.946609779724048944e-02
5.019245789083780218e-02
5.091882199516505753e-02
5.164486392652988672e-02
5.237019546650507895e-02
