1.213794024785069342e-04
2.427588049570139769e-04
3.641382074355209247e-04
4.855175058035088114e-04
6.069027238761265592e-04
7.283151135362114607e-04
8.497556129407166266e-04
9.712357983475270644e-04
1.092740301332034659e-03
1.214171459671770700e-03
1.335102671015458813e-03
1.454337522081540750e-03
1.569820436850553110e-03
1.679566323414007339e-03
1.782839347411681059e-03
1.880489845185258531e-03
1.974103155596345326e-03
2.065140829364879756e-03
2.154673932151334164e-03
2.243441845021479104e-03
2.364673619055750534e-03
2.483641582081984149e-03
2.598143723511054694e-03
2.709451553499333046e-03
2.818586589758062359e-03
2.926250035400696729e-03
3.032932688713807674e-03
3.138991222668902244e-03
3.244693997734809585e-03
3.350249464934418244e-03
3.455824705328772953e-03
3.561557770383258405e-03
3.667566493155995783e-03
3.773958079263747042e-03
3.880836789460232351e-03
3.988299362524511983e-03
4.096435045938260841e-03
4.205331985426617562e-03
4.315079177680993493e-03
4.425768939500206861e-03
4.537496937177729756e-03
4.650371497167164574e-03
4.764527735447473059e-03
4.880146637351149425e-03
4.997442501287935150e-03
5.116658075086062858e-03
5.238118775628072994e-03
5.362240782179930089e-03
5.489416311552560226e-03
5.619942192999649415e-03
5.754028116463616102e-03
5.891704622973299027e-03
6.032875575317493341e-03
6.177361973825861233e-03
6.324897388882664249e-03
6.475134076255952519e-03
6.627694092800832937e-03
6.782215391632640672e-03
6.938382791246736417e-03
7.095929795224760993e-03
7.254636603904472507e-03
7.414329893221554765e-03
7.574882346263115199e-03
7.736200465660463682e-03
7.898193209344071125e-03
8.060756262693041449e-03
8.223768408395570190e-03
8.387104986162437562e-03
8.550689053492290664e-03
8.714481229562689654e-03
8.878459061502629382e-03
9.042613944897233066e-03
9.206951082826693097e-03
9.371467318239299141e-03
9.536171006236160430e-03
9.701089288317881268e-03
9.866256885194954127e-03
1.003170092429523687e-02
1.019743176709221079e-02
1.036346579031371083e-02
1.052979858679108614e-02
1.069641014259649879e-02
1.086328151623812931e-02
1.103039238944710648e-02
1.119772564492386817e-02
1.136528295809722915e-02
1.153307351252466986e-02
1.170109959243390181e-02
1.186936041708396353e-02
1.203786320007215957e-02
1.220660980355599105e-02
1.237560992566132979e-02
1.254487593573537160e-02
1.271441458285689496e-02
1.288424702541418436e-02
1.305438342214245741e-02
1.322481158129342090e-02
1.339549721981456512e-02
1.356640228085262932e-02
1.373748488142629946e-02
