5.972615837626092405e-07
1.194523167525213611e-06
1.791784751287902896e-06
2.389046335050486090e-06
2.986307604211060019e-06
3.584901286876917943e-06
4.224930593976581873e-06
5.045115695823146680e-06
6.035363659900460661e-06
7.031143459682940326e-06
7.972782343537237565e-06
8.940091396422755718e-06
9.927355677163081019e-06
1.083172563935694681e-05
1.160535723862207792e-05
1.222815635317656110e-05
1.277922365947439344e-05
1.336949018607839400e-05
1.405520228623994215e-05
1.484962561705015383e-05
1.576133122578613494e-05
1.681546220249453011e-05
1.741640666766251398e-05
1.785924473330289771e-05
1.852837920495983812e-05
1.939434098767890336e-05
2.039387893599247531e-05
2.148476655330564994e-05
2.264897240163826268e-05
2.388496202130376147e-05
2.519880962488090263e-05
2.659776426732401782e-05
2.808688856682630414e-05
2.966790606011460326e-05
3.133902723477388364e-05
3.309515722192704038e-05
3.492848021612267372e-05
3.682932669897716598e-05
3.878713712464605619e-05
4.079151436223583775e-05
4.283327599991696675e-05
4.490519337985806361e-05
4.700215407027375257e-05
4.912080850148505098e-05
5.125900659283046009e-05
5.341530292341610379e-05
5.558863760245099067e-05
5.777815292593896270e-05
5.998306241035731646e-05
6.220252583865008703e-05
6.443553656513603385e-05
6.668085627447116047e-05
6.893701903827516861e-05
7.120239313981048784e-05
7.347526793449763794e-05
7.575393377335343074e-05
7.803673136036023603e-05
8.032205473771369139e-05
8.260830213078744900e-05
8.489376567478308622e-05
8.717642020531320623e-05
8.945347348598564759e-05
9.172045811130608787e-05
9.397220387240376883e-05
9.620831273877431466e-05
9.843127624615360374e-05
1.006458891555925066e-04
1.028574039569821034e-04
1.050588358320395088e-04
1.072468984484749424e-04
1.094297549779483077e-04
1.116170119093902344e-04
1.138035168724899662e-04
1.159532698765390504e-04
1.180339748796940878e-04
1.200426048709640666e-04
1.219879740097086582e-04
1.238745991564269467e-04
1.257077897695829238e-04
1.274942335405373009e-04
1.292347157599531412e-04
1.309243057237412808e-04
1.325455502351673782e-04
1.340883582717656425e-04
1.355466314745924035e-04
1.369106766494725526e-04
1.381542074898619134e-04
1.392470012723301181e-04
1.401830614694399941e-04
1.409648247792067788e-04
1.415963606326940813e-04
1.420953828730049347e-04
1.424850897682894565e-04
1.427781816811579186e-04
1.429848661283891417e-04
1.431135201106195002e-04
1.431654667564336090e-04
1.431438680283356061e-04
1.430576080581438846e-04
1.429159350838593795e-04
