4.515702048402125968e-17
2.138588785227657496e-16
6.228877006200783661e-16
3.907193579094636604e-16
3.824414743225368341e-15
6.222191641048688271e-10
-6.198048184715126280e-07
-6.798204035789591308e-06
-1.293520927619912350e-05
-6.540331806658349848e-06
-1.228976068743607274e-06
-7.064991032489456070e-06
-2.043360757219967643e-05
-3.897643146189385581e-05
-6.417402645812731420e-05
-8.262052802558293892e-05
-9.789775474051813121e-05
-1.074437050922451503e-04
-1.042247061698843786e-04
-9.227028842694192604e-05
-7.760446681049932433e-05
-6.484525141895120318e-05
-9.149130150962826767e-04
-2.177457008847677195e-03
-3.020614731520252384e-03
-3.458125238517209717e-03
-3.648153457687243473e-03
-3.744498207262330312e-03
-3.843284237409544911e-03
-3.983076430441268891e-03
-4.169365236367092963e-03
-4.395907463505020936e-03
-4.653384955811217492e-03
-4.928647167943784289e-03
-5.203199174406780182e-03
-5.456690106577794484e-03
-5.672796199147311404e-03
-5.842996316629528626e-03
-5.967490709991359749e-03
-6.053639110671074283e-03
-6.112412680883176457e-03
-6.154272619570567288e-03
-6.186553226629106991e-03
-6.213224064445362071e-03
-6.236026639966685096e-03
-6.255676781170785121e-03
-6.272466596699307999e-03
-6.286283236990562739e-03
-6.296428134645547930e-03
-6.301597844143384461e-03
-6.300200577155821990e-03
-6.290843403184735554e-03
-6.272701423197649985e-03
-6.245611551749781151e-03
-6.209949114813326579e-03
-6.166396286324134744e-03
-6.115643663549098080e-03
-6.058051619045502420e-03
-5.993245257581483396e-03
-5.919479518313563136e-03
-5.832222111593315939e-03
-5.721562017029455452e-03
-5.584280688883447308e-03
-5.449719149366332241e-03
-5.330476662498806473e-03
-5.234426359856090595e-03
-5.165086089047952328e-03
-5.074474392779720032e-03
-4.966506653024786895e-03
-4.869547956670131246e-03
-4.811945573337645353e-03
-4.721085932586219919e-03
-4.429988820351771044e-03
-3.974348668250984006e-03
-3.522030961587400630e-03
-3.114244887847091806e-03
-2.739540014771862063e-03
-2.421177619236000635e-03
-2.143541574899736867e-03
-1.855734380478596271e-03
-1.522116363592446739e-03
-1.115733217545332922e-03
-6.998546339911562025e-04
-2.821535941068824445e-04
1.670610613725513876e-04
7.307289502885040700e-04
1.442148726186459357e-03
2.187620916215690051e-03
2.917052724987551169e-03
3.631915743391700077e-03
4.260523662125222273e-03
4.749222287710228030e-03
5.137312486307151448e-03
5.451656245098412956e-03
5.709611926026414257e-03
5.918725581616967810e-03
6.050234491824540116e-03
6.119625490877777726e-03
6.177254694987725434e-03
6.245189859348961731e-03
