-9.115794445536321788e+00
-1.823158889107265779e+01
-2.734738320944339307e+01
-3.646315112322434970e+01
-4.557878701389787324e+01
-5.469369840227666657e+01
-6.379620935087076106e+01
-7.279910770865785707e+01
-8.144704227469738100e+01
-8.936277221998977893e+01
-9.619397268350530794e+01
-1.018211035745259068e+02
-1.095624888677580060e+02
-1.102272611456273523e+02
-1.174254895627235697e+02
-1.213653505999543682e+02
-1.243236675363910990e+02
-1.267937682815954332e+02
-1.289524961038542017e+02
-1.308878693709154106e+02
-1.326531258425358430e+02
-1.342840497599746925e+02
-1.358062427592881249e+02
-1.372388477727246823e+02
-1.385966064847993380e+02
-1.398911156037494266e+02
-1.411316051086097616e+02
-1.423255767715461104e+02
-1.434792766373759605e+02
-1.445979698325877791e+02
-1.456860219366526508e+02
-1.467471985626119704e+02
-1.477849109742215603e+02
-1.488022390982744696e+02
-1.498020010762900256e+02
-1.507868187592851825e+02
-1.517593744779194935e+02
-1.527223730259266006e+02
-1.536782132820839024e+02
-1.546291746803619844e+02
-1.555776626170764132e+02
-1.565260781289657928e+02
-1.574765453825301336e+02
-1.584313218036610635e+02
-1.593940103140645590e+02
-1.603692154345308154e+02
-1.613613556021661850e+02
-1.623740418636879497e+02
-1.634104779966520482e+02
-1.644737853816829727e+02
-1.655668791869599659e+02
-1.666933463650031797e+02
-1.678573487528680630e+02
-1.690627488100183768e+02
-1.703131576399809433e+02
-1.716111342412540353e+02
-1.729585134833267261e+02
-1.743580548761105433e+02
-1.758128162472147551e+02
-1.773259234455836690e+02
-1.789004053480909704e+02
-1.805383323548660996e+02
-1.822404303641502565e+02
-1.840076991004029878e+02
-1.858424212280578445e+02
-1.877470942087276171e+02
-1.897250983773213022e+02
-1.917807979175721300e+02
-1.939182508493867942e+02
-1.961411147333188580e+02
-1.984536499584138198e+02
-2.008610610656808433e+02
-2.033694798409596558e+02
-2.059857789283713601e+02
-2.087175411689696602e+02
-2.115725315123069947e+02
-2.145579797306517662e+02
-2.176812442901349129e+02
-2.209508770758842218e+02
-2.243770304541600922e+02
-2.279700529147444854e+02
-2.317397528888208171e+02
-2.356964230705069383e+02
-2.398502168626508535e+02
-2.442105350574557292e+02
-2.487865383524408855e+02
-2.535876331978298595e+02
-2.586223012287027814e+02
-2.638971624555104540e+02
-2.694163822243799018e+02
-2.751801702590668697e+02
-2.811864198940212418e+02
-2.874311819762062896e+02
-2.939077793835330681e+02
-3.006088345536603015e+02
-3.075284180562445044e+02
-3.146606150239223325e+02
-3.219974673064031663e+02
-3.295288938763010833e+02
-3.372435179755290164e+02
