1.517726789226779543e-08
3.035453578457422351e-08
4.553180367688218683e-08
6.070907156915601738e-08
7.588633946147024080e-08
9.106604359460709705e-08
1.174531012574406911e-07
2.894752302728371244e-07
6.806727686316781046e-07
1.140302402788043394e-06
1.650132020555412410e-06
2.332964001463053969e-06
3.318340169400409816e-06
4.690566613873768214e-06
6.547465454363114380e-06
8.970271003266018598e-06
9.009328302114343349e-06
1.133804388567491539e-05
1.461169393864541882e-05
1.856211225234044170e-05
2.312413333030698064e-05
2.828901902402052116e-05
3.406767019373543268e-05
4.046492145108649167e-05
4.746111814616488754e-05
5.501357125257096619e-05
6.306900610820522521e-05
7.157433548574878982e-05
8.048087506132338507e-05
8.974434271715895977e-05
9.932449027860750694e-05
1.091845790035748118e-04
1.192906984270905943e-04
1.296116768712055316e-04
1.401194132676863123e-04
1.507889555725922795e-04
1.615982870418777547e-04
1.725281599114306401e-04
1.835620583223177482e-04
1.946862270122914375e-04
2.058896540647668725e-04
2.171638712347031771e-04
2.285025088810169983e-04
2.399006767355706885e-04
2.513543381243339985e-04
2.628598388896780449e-04
2.744136672793408217e-04
2.860124341075917639e-04
2.976530085762427885e-04
3.093327169684807320e-04
3.210495318473503487e-04
3.328022405353960609e-04
3.445906365534171065e-04
3.564158121661783942e-04
3.682806943032728786e-04
3.801911405433740774e-04
3.921584062961916048e-04
4.042047536448910359e-04
4.163675772452222774e-04
4.286733494245327861e-04
4.411093566472768369e-04
4.536502912545339948e-04
4.662720261444808375e-04
4.789542244434616684e-04
4.916866037848290679e-04
5.044606961250173082e-04
5.172597586544566955e-04
5.300590691424118903e-04
5.428354518922306419e-04
5.556027891172506941e-04
5.683784559181860423e-04
5.811725953462176623e-04
5.939894613309631847e-04
6.068213035310597797e-04
6.196637142822258209e-04
6.325198071818780932e-04
6.453880133911455005e-04
6.582540864042630202e-04
6.710884381000050813e-04
6.838790678313596454e-04
6.966274261073824615e-04
7.093402330808223650e-04
7.220191068474251812e-04
7.346534726329510476e-04
7.472405924104637102e-04
7.597768060449664341e-04
7.722407549247169156e-04
7.846253039037602876e-04
7.969419328470980822e-04
8.091906992323975650e-04
8.213861688671100867e-04
8.335513755199089802e-04
8.457022829589010355e-04
8.578529166458149016e-04
8.700049844546740982e-04
8.821385092869475511e-04
8.942330475721987047e-04
9.062880299207720170e-04
9.183205255398190501e-04
9.303565017906334804e-04
