-1.625693395006233555e-16
-7.569086416664427830e-17
2.066760391300492827e-16
-8.473582079060459904e-16
-9.681925400295554596e-17
2.474962509241285247e-15
3.883081572866181608e-09
-5.310875130223402865e-07
-3.961360718820995056e-06
-6.005111532497926004e-06
-1.070739878039118648e-05
-1.730715456509920652e-05
-2.790193912806707664e-05
-5.869228167694712055e-05
-1.258521432083894564e-04
-2.501775852889653786e-04
-1.932541958512362656e-02
-2.942001487364049803e-02
-3.867068908398433452e-02
-4.798318956145038172e-02
-5.730640607489106975e-02
-6.654192323654989361e-02
-7.559559264116685884e-02
-8.428480651999309403e-02
-9.241503329599889960e-02
-9.989583326570052046e-02
-1.067298265753856834e-01
-1.129436765239854590e-01
-1.185593118753995590e-01
-1.236026473477527393e-01
-1.281102537425371779e-01
-1.321265952739122673e-01
-1.356989212337267048e-01
-1.388714522895430348e-01
-1.416803081732321834e-01
-1.441554433126537582e-01
-1.463263639082145184e-01
-1.482249967858771389e-01
-1.498847583345549184e-01
-1.513379141123758487e-01
-1.526136975654779071e-01
-1.537377722962456061e-01
-1.547319523984032053e-01
-1.556134516359300168e-01
-1.563946655619199433e-01
-1.570844898695127612e-01
-1.576904608633467042e-01
-1.582202870159368779e-01
-1.586823200540566636e-01
-1.590855185485633150e-01
-1.594394283232035969e-01
-1.597543454548692732e-01
-1.600417949838707499e-01
-1.603157195672835766e-01
-1.605953281856750958e-01
-1.609121760831817294e-01
-1.613258341504133497e-01
-1.619062039075256643e-01
-1.625846726246266138e-01
-1.631750827557020278e-01
-1.635889682584180660e-01
-1.638136580896748518e-01
-1.639461080208648169e-01
-1.641405511151514951e-01
-1.644252560778976247e-01
-1.646941766246183547e-01
-1.646924568217920937e-01
-1.644095834488241425e-01
-1.641393051912911905e-01
-1.639410510244476982e-01
-1.637655356813024210e-01
-1.635178341562998627e-01
-1.631274540916919924e-01
-1.626298886646883046e-01
-1.620687445812961924e-01
-1.614655096008665580e-01
-1.607298074102901653e-01
-1.597139318340902170e-01
-1.585515879304108255e-01
-1.572939276510428863e-01
-1.558078308315488658e-01
-1.541103370615598545e-01
-1.522092572466700044e-01
-1.502738709764377123e-01
-1.483613592255671187e-01
-1.463771229373344307e-01
-1.444308640867774940e-01
-1.425885267316843730e-01
-1.407776920282923505e-01
-1.391401345422240143e-01
-1.377604589227053034e-01
-1.366025043182295395e-01
-1.356303959155226169e-01
-1.348117523655842087e-01
-1.339763206938964502e-01
-1.330328103087012326e-01
-1.320442808876080287e-01
-1.311022063439083452e-01
-1.302771002320845806e-01
-1.295456124944621423e-01
