3.951643079128587852e-10
3.951643079128587852e-10
7.234113895232051080e-10
2.060585706329360601e-07
1.338339933903632192e-06
6.448663775202490185e-06
2.314819643895578237e-05
6.427838446887848350e-05
1.593078987910329981e-04
3.575980475027370283e-04
7.274990126378811338e-04
1.320651614646776127e-03
2.134019751716581363e-03
3.125418136565461229e-03
4.250118902770966267e-03
5.475993326356717004e-03
6.781774441026361226e-03
8.153024318087316938e-03
9.579537078063150510e-03
1.066653699719404338e-02
1.202686342637181507e-02
1.351393673729703489e-02
1.508227427171787531e-02
1.671109610788330119e-02
1.838825615883340342e-02
2.010563770090757069e-02
2.185741541893587714e-02
2.363922447596561102e-02
2.544769349679653486e-02
2.728015675631988504e-02
2.913446755740594848e-02
3.100887126460932786e-02
3.290191386001758284e-02
3.481237413565566041e-02
3.673921294841215462e-02
3.868153420980503104e-02
4.063855378865580820e-02
4.260957412171130498e-02
4.459396257033831912e-02
4.659112956959823859e-02
4.860050826655163553e-02
5.062154044326701990e-02
5.265364771229468638e-02
5.469609045053602098e-02
5.674786331637025893e-02
5.880781943585642463e-02
6.087459930816407211e-02
6.294766220775896426e-02
6.502879162326720419e-02
6.712077629893414832e-02
6.922641812283886198e-02
7.134843135146021198e-02
7.348943524438621144e-02
7.565094847462990046e-02
7.783444804669427397e-02
8.004109388667030034e-02
8.227142585696954613e-02
8.452452004514780792e-02
8.679818659698888828e-02
8.909017012913381106e-02
9.139839660119947196e-02
9.372077299235379022e-02
9.605587756266496802e-02
9.840281737650938276e-02
1.007607978344290389e-01
1.031291033867560991e-01
1.055071231777799934e-01
1.078941507985485965e-01
1.102894250087559369e-01
1.126924549615229559e-01
1.151026091223222164e-01
1.175196091755745936e-01
1.199430386320686492e-01
1.223722437536670093e-01
1.248065747474232240e-01
1.272453458864675480e-01
1.296878968669177012e-01
1.321337244634138153e-01
1.345821579645317123e-01
1.370326293225512249e-01
1.394847806401935675e-01
1.419382595871902242e-01
1.443926959150193534e-01
1.468478151522915887e-01
1.493033435521083363e-01
1.517588370313709134e-01
1.542137698407266277e-01
1.566680650307526179e-01
1.591217693606056527e-01
1.615747946358938869e-01
1.640272405812602530e-01
1.664789278729733868e-01
1.689293503457294787e-01
1.713780087885418413e-01
1.738242229285260065e-01
1.762673008696041821e-01
1.787061809456109429e-01
1.811394308543354537e-01
1.835659064658206052e-01
1.859848013559468327e-01
