2.429788124581845274e-16
3.258438339298359160e-16
4.897290391140188270e-17
-1.681826268420776038e-16
8.325164966042561399e-16
8.026975487291157507e-16
-6.383341934462077871e-16
-3.036390555797489985e-11
-3.154662010738252924e-05
-2.967614946396912264e-04
-1.100928702599172351e-03
-2.893383928822218596e-03
-6.524053364914452965e-03
-1.293283107359504899e-02
-2.264612125596950770e-02
-3.563575033893268129e-02
-5.120623215785714138e-02
-6.798433503181951221e-02
-8.426258157014537842e-02
-9.871240504677865346e-02
-1.107253666184936092e-01
-1.202718821903120822e-01
-1.276329570550762404e-01
-1.331969661096408519e-01
-1.373432069660360799e-01
-1.403958976102213374e-01
-1.426153663872808675e-01
-1.442022379678736810e-01
-1.453073211055268266e-01
-1.460434907175236219e-01
-1.464962629866402855e-01
-1.467314841781771628e-01
-1.468004892277938456e-01
-1.467437081106557351e-01
-1.465932728220639691e-01
-1.463747066769949257e-01
-1.461080324192629010e-01
-1.458087951421555006e-01
-1.454890701051854696e-01
-1.451582749116978599e-01
-1.448237596486051659e-01
-1.444911918561970210e-01
-1.441646895765825720e-01
-1.438466527928922156e-01
-1.435368888484215566e-01
-1.432279649350883810e-01
-1.429058068958025673e-01
-1.425610425529146852e-01
-1.422050826073177343e-01
-1.418554840325739475e-01
-1.415417016339879930e-01
-1.412898519376609707e-01
-1.411282466825585225e-01
-1.410469604255572273e-01
-1.410524044423066004e-01
-1.411716859999879725e-01
-1.413779165625970446e-01
-1.416016695135710601e-01
-1.418306685803072120e-01
-1.420738971991462596e-01
-1.423295027643784461e-01
-1.426007978940464771e-01
-1.428968527549005774e-01
-1.431971876261944054e-01
-1.434925127404383938e-01
-1.438180503983209901e-01
-1.441772201776539697e-01
-1.445660616362821893e-01
-1.449636823942545560e-01
-1.453592423222070940e-01
-1.457574478530223594e-01
-1.461565819915870978e-01
-1.465617112855106541e-01
-1.469661120967071244e-01
-1.473401212864093313e-01
-1.476725049683708102e-01
-1.479770070881835375e-01
-1.482766083801760060e-01
-1.485721438762121205e-01
-1.488635362888268143e-01
-1.491605486064987163e-01
-1.494576921260316882e-01
-1.497522110959511599e-01
-1.500488136426660346e-01
-1.503454089747175426e-01
-1.506245541473769101e-01
-1.508826120336702326e-01
-1.511320687640645144e-01
-1.513706380618952962e-01
-1.515997217818599030e-01
-1.518390806193932185e-01
-1.520992220423197094e-01
-1.523765857805354784e-01
-1.526662008257738956e-01
-1.529571687970317229e-01
-1.532378295512467070e-01
-1.535089694229314350e-01
-1.537834912170966684e-01
-1.540661197197226440e-01
-1.543479296028965886e-01
