3.987571127933726696e-10
3.987571127933726696e-10
3.987571127933726696e-10
3.987571127933726696e-10
3.987571127933726696e-10
3.987571127933726696e-10
4.015453630699301244e-10
3.291570703200182554e-09
1.432843390233303181e-07
1.283644673042713154e-06
5.220806153969942335e-06
1.486331826930082857e-05
3.548581022641980690e-05
7.560016044194832279e-05
1.465541833334300546e-04
2.615689177218696350e-04
4.336365946849416917e-04
6.723206004159401790e-04
9.815461836419460753e-04
1.359916308199993597e-03
1.802566007401858227e-03
2.303051022002966693e-03
2.854628612953020051e-03
3.450941881956601405e-03
4.086304501769997752e-03
4.755774347496182809e-03
5.455127922948202826e-03
6.180789374223138490e-03
6.929742369136723812e-03
7.699442964232104669e-03
8.487741833942805472e-03
9.292816821826052273e-03
1.011311498267846408e-02
1.094730360784298799e-02
1.179422981790438120e-02
1.265288838061084248e-02
1.352239690807943012e-02
1.440197669817863853e-02
1.529093741326217198e-02
1.618866443382037390e-02
1.709460823636132359e-02
1.800827520000580773e-02
1.892921904634494584e-02
1.985703175340030810e-02
2.079133124432445620e-02
2.173173342098224173e-02
2.267782610211806216e-02
2.362917732818297506e-02
2.458539872169585722e-02
2.554620023837703841e-02
2.651142073100005991e-02
2.748101125994065891e-02
2.845498136930450089e-02
2.943333568200834360e-02
3.041614156279303857e-02
3.140337590828540248e-02
3.239497829251496847e-02
3.339099736877657043e-02
3.439150620082599003e-02
3.539651563393799577e-02
3.640604153255155156e-02
3.742007315148181135e-02
3.843854112605084999e-02
3.946143430672516272e-02
4.048871084479947757e-02
4.152036803470846721e-02
4.255639309463940534e-02
4.359673944546756802e-02
4.464135950006740267e-02
4.569017705728378037e-02
4.674310975242060989e-02
4.780010471604391464e-02
4.886112600357974539e-02
4.992608979085107895e-02
5.099488442431152069e-02
5.206739194748948724e-02
5.314355659632502560e-02
5.422336978797195201e-02
5.530682254485918409e-02
5.639394235098532659e-02
5.748475599007189796e-02
5.857925645089203520e-02
5.967741938179867145e-02
6.077918952901609217e-02
6.188448121689824055e-02
6.299321262228278762e-02
6.410532879361381664e-02
6.522078986557763858e-02
6.633952267088617794e-02
6.746146908248945584e-02
6.858661688597400552e-02
6.971496574338986729e-02
7.084649436235636311e-02
7.198117552876429071e-02
7.311900670876630981e-02
7.425998392295313222e-02
7.540409782004564576e-02
7.655133377667781847e-02
7.770164368543536204e-02
7.885495014563490002e-02
