1.542241901938699910e-04
3.084483803877399819e-04
4.626725705816099729e-04
6.168967607756714339e-04
7.711209505189258601e-04
9.253450927162933538e-04
1.079568850334791663e-03
1.233792553809236799e-03
1.388031276318086758e-03
1.542395715116884987e-03
1.697205072959112951e-03
1.852926656751312587e-03
2.010214227790409983e-03
2.164435144682085033e-03
2.323366380613815958e-03
2.485767619947811674e-03
2.651884456329822205e-03
2.821635446672661387e-03
2.994651713812188695e-03
3.170469500482545142e-03
3.348644542013639279e-03
3.528793636627384610e-03
3.710602444589127143e-03
3.893820061981108707e-03
4.078247403707374076e-03
4.263723873485820645e-03
4.450116827869038567e-03
4.637315285642839603e-03
4.825226783569223563e-03
5.013773903445485104e-03
5.202889152088859340e-03
5.392511283479407488e-03
5.582584235871885202e-03
5.773057556742133140e-03
5.963885185340576586e-03
6.155024316221825026e-03
6.346436342261859917e-03
6.538087137729452561e-03
6.729945553894138219e-03
6.921982932397150075e-03
7.114172660916054727e-03
7.306488024297399901e-03
7.498902949325333619e-03
7.691395580542485788e-03
7.883946207998277639e-03
8.076535974754410138e-03
8.269147946899087914e-03
8.461765371054738583e-03
8.654369349626390637e-03
8.846937841044717407e-03
9.039450637768495223e-03
9.231887542172108677e-03
9.424225374827725765e-03
9.616446299563452885e-03
9.808535747362586918e-03
1.000048571072560330e-02
1.019228852557542420e-02
1.038394091727932143e-02
1.057543873262534531e-02
1.076677745574653594e-02
1.095795378916951737e-02
1.114897175605216416e-02
1.133983759403738543e-02
1.153055828722913609e-02
1.172114200882193487e-02
1.191159349161392995e-02
1.210191078144335318e-02
1.229208229641188567e-02
1.248208171558728985e-02
1.267187363275905886e-02
1.286143403321089382e-02
1.305076404136203648e-02
1.323988006066966795e-02
1.342880868512878398e-02
1.361757191272685956e-02
1.380617100152058824e-02
1.399460127154371694e-02
1.418285649690477664e-02
1.437092576789532165e-02
1.455879709319425966e-02
1.474646046251830954e-02
1.493391112606878152e-02
1.512114322112249019e-02
1.530814126492916448e-02
1.549488058193302341e-02
1.568134453534706860e-02
1.586753068936842467e-02
1.605344423053352981e-02
1.623908988845979007e-02
1.642447376939391510e-02
1.660959807936700575e-02
1.679447135592694595e-02
1.697911524530569538e-02
1.716355343023943589e-02
1.734781136362243195e-02
1.753191262471609849e-02
1.771588485355717751e-02
1.789976176319182238e-02
1.808357431801739176e-02
1.826734487331900178e-02
