-9.028619475990153423e-17
1.733914559512179238e-16
-1.039656709789400779e-16
1.921799172707391867e-15
1.076580142977509222e-10
-1.047582022285405360e-08
-2.743988450366674354e-08
4.774840608064764491e-07
-2.862415156132317805e-07
-1.643094460890551011e-05
-8.208862834881544741e-05
-1.356021663733936796e-04
-1.888352162832268057e-04
-2.418371680306048432e-01
-3.942318629329207846e-01
-5.468490188091987836e-01
-6.951674502224158836e-01
-8.297924781874049804e-01
-9.467491475448394089e-01
-1.046234175494447083e+00
-1.130347338187754458e+00
-1.201727536934170226e+00
-1.262878909846629094e+00
-1.315890519735334330e+00
-1.362378362155697076e+00
-1.403556694839329877e+00
-1.440353874148579516e+00
-1.473497237213991617e+00
-1.503564821942157126e+00
-1.531009846265192653e+00
-1.556184344096139593e+00
-1.579360705395329356e+00
-1.600766852560842946e+00
-1.620603254515164515e+00
-1.639012021702227262e+00
-1.656113839663552190e+00
-1.672040205612258301e+00
-1.686937742799980544e+00
-1.700861874760310588e+00
-1.713872609685690440e+00
-1.726032300207437142e+00
-1.737406799307421812e+00
-1.748047326534352797e+00
-1.757980881583983690e+00
-1.767154918828626409e+00
-1.775536806697896264e+00
-1.783111563977713532e+00
-1.789914201688366235e+00
-1.795799697162232755e+00
-1.800595545620411020e+00
-1.804604352860528227e+00
-1.808286908192498155e+00
-1.811793048662048600e+00
-1.814703332753638598e+00
-1.817074940100737557e+00
-1.819082915296706293e+00
-1.820830000557541961e+00
-1.822314360624327501e+00
-1.823677409053758858e+00
-1.824812108046522940e+00
-1.825455012669795485e+00
-1.825590509705002917e+00
-1.825724792660423423e+00
-1.826207295818276233e+00
-1.826868231326469472e+00
-1.827632396663301462e+00
-1.828638794287299474e+00
-1.829876912151257251e+00
-1.831115934573188220e+00
-1.832401662341910598e+00
-1.833947533341787617e+00
-1.835684570358100620e+00
-1.837455957626591196e+00
-1.839174229019499451e+00
-1.840746691863959894e+00
-1.842374153727911024e+00
-1.844244265618832257e+00
-1.846245295403164510e+00
-1.848157911071933723e+00
-1.849869769605345660e+00
-1.851424896324545433e+00
-1.852773872248314690e+00
-1.853833555948799283e+00
-1.854672490612079727e+00
-1.855580441843619477e+00
-1.856792633933148418e+00
-1.858376173506167905e+00
-1.860245514151336099e+00
-1.862140648687213407e+00
-1.863796900439784077e+00
-1.865202058355774684e+00
-1.866401422970453750e+00
-1.867275845165693227e+00
-1.867772595474798125e+00
-1.867843599097654517e+00
-1.867501224736582754e+00
-1.867036620135640757e+00
-1.866701491937980961e+00
-1.866428129009509718e+00
-1.865968445573015444e+00
