3.999270398389492073e-10
3.999270398389492073e-10
3.999270398389492073e-10
3.999716363243424333e-10
4.320528223951197355e-10
2.342298811523575637e-09
2.809948760025132289e-08
1.736972559422994794e-07
1.948642701670294085e-06
1.609516263320908918e-05
7.189225411356385900e-05
2.053056483139968072e-04
4.519594013378505810e-04
7.798902134018907651e-04
1.315129508822376761e-03
2.058781795285832394e-03
3.005249978619917509e-03
4.135890535053007681e-03
5.426415425629182478e-03
6.852796589117112272e-03
8.394010618319023079e-03
1.003275531888782324e-02
1.175519120980984995e-02
1.355033386816895113e-02
1.540941537661670926e-02
1.732534628524159612e-02
1.929231198777672449e-02
2.130548374567862308e-02
2.336080342642820468e-02
2.545480763671466307e-02
2.758449282504673444e-02
2.974723234785035114e-02
3.194071805953657694e-02
3.416294667265343254e-02
3.641216116423206389e-02
3.868676905610748951e-02
4.098532023936658081e-02
4.330649357758299678e-02
4.564902646484526871e-02
4.801173678700135922e-02
5.039354642352310981e-02
5.279347220530674484e-02
5.521058153630999110e-02
5.764396795277972746e-02
6.009267975413634666e-02
6.255575014893141605e-02
6.503222512378634135e-02
6.752123200873350051e-02
7.002176921338017224e-02
7.253266389619633658e-02
7.505309375156903051e-02
7.758273172538965312e-02
8.012134022678341072e-02
8.266817517459422449e-02
8.522255422120605939e-02
8.778398342872341387e-02
9.035215376726324354e-02
9.292680665908464865e-02
9.550784957714579526e-02
9.809501870552722602e-02
1.006876981498704138e-01
1.032852549945011272e-01
1.058876826035721058e-01
1.084952835754761646e-01
1.111081306782380068e-01
1.137261632970918146e-01
1.163495067472672534e-01
1.189783004617604306e-01
1.216124677548380828e-01
1.242520127763921262e-01
1.268971282780006482e-01
1.295478356899258665e-01
1.322039687216466086e-01
1.348652024739213917e-01
1.375310803707220086e-01
1.402015121954546528e-01
1.428766821035598877e-01
1.455566945635369813e-01
1.482414384052029854e-01
1.509306400956368366e-01
1.536240728456215732e-01
1.563214093591529241e-01
1.590221939691796316e-01
1.617260898810100878e-01
1.644331478745235942e-01
1.671436237420814985e-01
1.698577466933276492e-01
1.725756080836446105e-01
1.752969950456929604e-01
1.780214277961956193e-01
1.807484764932746901e-01
1.834777841209573879e-01
1.862089225489709787e-01
1.889414823962960177e-01
1.916749598278254529e-01
1.944088159777625779e-01
1.971428827309101017e-01
1.998773031772186348e-01
2.026120208378553167e-01
2.053466432347032244e-01
