0.000000000000000000e+00
-4.054997693310494533e+00
-8.109995386620985514e+00
-1.216499307993127665e+01
-1.621999077324199234e+01
-2.027498846655224085e+01
-2.432998341101374251e+01
-2.838472921356547474e+01
-3.243641192563558207e+01
-3.647191584579459800e+01
-4.046989365306893660e+01
-4.441726243714761324e+01
-4.830742576114548825e+01
-5.213223054784617716e+01
-5.588130343980871118e+01
-5.954243799027653949e+01
-6.309872877369519983e+01
-6.652793720029283975e+01
-6.980468649463762176e+01
-7.290439353967381919e+01
-7.580753860460936266e+01
-7.850337238335589518e+01
-8.099148750423891840e+01
-8.418567963830318490e+01
-8.653063321533736030e+01
-8.859363403518216273e+01
-9.047597173564066964e+01
-9.221237444594318333e+01
-9.382327057822388383e+01
-9.532426779511756365e+01
-9.672836677999644905e+01
-9.804667002833842560e+01
-9.928871683018655858e+01
-1.004627225641632151e+02
-1.015757886738494875e+02
-1.026340837842239324e+02
-1.036429943228165484e+02
-1.046072480748064351e+02
-1.055310135369406197e+02
-1.064179790742538358e+02
-1.072714172168730187e+02
-1.080942392803619612e+02
-1.088890438223376975e+02
-1.096581597300254174e+02
-1.104036830659269981e+02
-1.111275069646789433e+02
-1.118313453714084460e+02
-1.125167528027791093e+02
-1.131851422783045962e+02
-1.138378025436821162e+02
-1.144759146496718785e+02
-1.151005677067173565e+02
-1.157127741429071222e+02
-1.163134857508513988e+02
-1.169036138647519607e+02
-1.174840609213197098e+02
-1.180557500822490482e+02
-1.186195467376246029e+02
-1.191761640492811694e+02
-1.197263912793313381e+02
-1.202711518922374694e+02
-1.208114715292247894e+02
-1.213483932810339923e+02
-1.218826289270779597e+02
-1.224143808309798658e+02
-1.229438687720965362e+02
-1.234717605409733210e+02
-1.239985894827361932e+02
-1.245244064841374723e+02
-1.250492047818087258e+02
-1.255732050338404377e+02
-1.260966422842938925e+02
-1.266197186737168465e+02
-1.271426786615075741e+02
-1.276658786223514710e+02
-1.281895742616450207e+02
-1.287136607904762116e+02
-1.292378037788265885e+02
-1.297618784137542320e+02
-1.302861216355397858e+02
-1.308108408280344008e+02
-1.313361909013840716e+02
-1.318622817028414147e+02
-1.323892701836098809e+02
-1.329173854090374505e+02
-1.334468869305981968e+02
-1.339780972482881225e+02
-1.345114787292080507e+02
-1.350475250611088427e+02
-1.355866153900662425e+02
-1.361290709463625319e+02
-1.366753414667376489e+02
-1.372260502726846596e+02
-1.377818506860579078e+02
-1.383433645260162450e+02
-1.389112831453004446e+02
-1.394864095374283863e+02
-1.400696782531508973e+02
-1.406621541560773210e+02
-1.412648537046634374e+02
-1.418785148625031525e+02
