0.000000000000000000e+00
3.913268465036073407e-10
3.913268465036073407e-10
3.913268465036073407e-10
3.913268465036073407e-10
3.913268465036073407e-10
9.449018580765704953e-10
5.374294657193826804e-08
8.210112219190534057e-07
5.685580265129872302e-06
2.064516533932545873e-05
5.009177511023491284e-05
9.721432903889077367e-05
1.663224901774423890e-04
2.630110349169523113e-04
3.942545865768797030e-04
5.699279694486452958e-04
8.034478158483632530e-04
1.110967328723863699e-03
1.509342978889769912e-03
2.013503158963203966e-03
2.633789788079469400e-03
3.374431753998828436e-03
4.106359441964963289e-03
5.031596209092176891e-03
6.075817515395934981e-03
7.218546774348261023e-03
8.448525361475989898e-03
9.756859777955420240e-03
1.113579420972799112e-02
1.257843713713199807e-02
1.407866626951465201e-02
1.563107133600176446e-02
1.723089087823478915e-02
1.887393399792113707e-02
2.055649783514509193e-02
2.227529216605762113e-02
2.402737693537268515e-02
2.581011317371636679e-02
2.762112385958016836e-02
2.945826218234658123e-02
3.131958572063213431e-02
3.320333444153335256e-02
3.510791068676469284e-02
3.703186056006901178e-02
3.897385723109397793e-02
4.093268673728645696e-02
4.290723611567917595e-02
4.489648315920598959e-02
4.689948702249100571e-02
4.891537927923486628e-02
5.094335540103544363e-02
5.298266669666280154e-02
5.503261247979877868e-02
5.709253139664521165e-02
5.916178996027051523e-02
6.123978717360944318e-02
6.332601200023110777e-02
6.541995561236510492e-02
6.752109922909632633e-02
6.962893306284699546e-02
7.174293058929501199e-02
7.386266765244037247e-02
7.598788400850550739e-02
7.811837371227378646e-02
8.025374478690579239e-02
8.239361615968653074e-02
8.453780600171804938e-02
8.668619082073154847e-02
8.883854135743349256e-02
9.099462919975137565e-02
9.315423770846750773e-02
9.531716934776827965e-02
9.748319395629896633e-02
9.965209099006902549e-02
1.018237479147701408e-01
1.039981565409556635e-01
1.061752667501147246e-01
1.083548943626875816e-01
1.105367802910073027e-01
1.127207361857768680e-01
1.149066020479354994e-01
1.170942239553180997e-01
1.192834515305297022e-01
1.214741209628730778e-01
1.236660549365585782e-01
1.258590218531127902e-01
1.280527562004902808e-01
1.302470212664801619e-01
1.324416466660758018e-01
1.346364279564468136e-01
1.368310655650071817e-01
1.390252227009407815e-01
1.412185968200201647e-01
1.434108698591847753e-01
1.456016571604999144e-01
1.477905423306357380e-01
1.499770590565539241e-01
1.521607452435549679e-01
1.543412081742568387e-01
1.565181775188091706e-01
