0.000000000000000000e+00
3.049264670283313272e+00
6.098529340566625656e+00
9.147794010849985114e+00
1.219705868113325486e+01
1.524632265470250303e+01
1.829528136965122442e+01
2.133777029299863770e+01
2.434643101550965127e+01
2.728062230791206488e+01
3.011821810996874049e+01
3.285275749187788819e+01
3.547471943978270303e+01
3.796641321470904273e+01
4.030518386106821538e+01
4.247242305083411651e+01
4.445966536806371039e+01
4.626913594070202862e+01
4.790996860077272856e+01
4.968308864785781509e+01
5.107463099256645478e+01
5.228192929127098409e+01
5.335551344295941334e+01
5.431945392832691510e+01
5.519089964312003360e+01
5.598391372128565990e+01
5.671030727967394114e+01
5.737994236212824717e+01
5.800102405162279240e+01
5.858038333028535050e+01
5.912371938271062533e+01
5.963580183032928517e+01
6.012063961283514146e+01
6.058161758158494337e+01
6.102160380255432415e+01
6.144303770702764922e+01
6.184800743355577879e+01
6.223831703378620972e+01
6.261554015252227146e+01
6.298105920618743880e+01
6.333609278462329684e+01
6.368171626596029711e+01
6.401888035671812816e+01
6.434843096482239844e+01
6.467109980347552778e+01
6.498752914354807331e+01
6.529830050222231819e+01
6.560394939949243565e+01
6.590495989419652290e+01
6.620177405780648883e+01
6.649480343993437259e+01
6.678444830844945557e+01
6.707107674728659674e+01
6.735497683967243177e+01
6.763630985461549017e+01
6.791533709002632690e+01
6.819233136734902700e+01
6.846755154242683261e+01
6.874135794842160863e+01
6.901404658927383196e+01
6.928595871721466892e+01
6.955742624422811105e+01
6.982863784311824418e+01
7.009978009132112220e+01
7.037113017068737975e+01
7.064308668878499020e+01
7.091611860551499547e+01
7.119060061310625542e+01
7.146684465628860039e+01
7.174520711615983259e+01
7.202611799014944438e+01
7.231001851460329988e+01
7.259753633504742254e+01
7.288936579317221742e+01
7.318614129725642670e+01
7.348814041670854635e+01
7.379555250587411308e+01
7.410885886968020486e+01
7.442855575366927212e+01
7.475499913172797051e+01
7.508834427392501709e+01
7.542900601910885428e+01
7.577756820374456481e+01
7.613440935185801095e+01
7.649984194919873914e+01
7.687442812289809524e+01
7.725891624006881386e+01
7.765378785462665689e+01
7.805935022949175561e+01
7.847619963179268154e+01
7.890585545439758164e+01
7.935044225900618642e+01
7.981189270363826438e+01
8.029136091316770774e+01
8.078950603195302449e+01
8.130722157611121759e+01
8.184610879477179424e+01
8.240778445087921966e+01
8.299346715674244024e+01
8.360483805166164473e+01
8.424398905158469120e+01
