0.000000000000000000e+00
3.913268465036073407e-10
3.913268465036073407e-10
3.913268465036073407e-10
3.913268465036073407e-10
9.838872981423427701e-10
9.183456777424442070e-08
2.092185759397074398e-06
1.539200914715243757e-05
5.712387539041787041e-05
1.432193450364987065e-04
2.856428661184350700e-04
4.972880473604748353e-04
7.958029238788572827e-04
1.203228025456836055e-03
1.740091339541966192e-03
2.420119165206454075e-03
3.248609445978590821e-03
4.224512028059485870e-03
5.190378976197269553e-03
6.397719041012299088e-03
7.756487779918637762e-03
9.242049161777725341e-03
1.084019936704708024e-02
1.253909463167738637e-02
1.432785923555643035e-02
1.619647586835498004e-02
1.813589135719966342e-02
2.013805070555192700e-02
2.219585900131511649e-02
2.430311212120356973e-02
2.645441377123413512e-02
2.864508518891568933e-02
3.087107591857265326e-02
3.312888140356555489e-02
3.541546699294351869e-02
3.772819710101680407e-02
4.006477079880139264e-02
4.242316623806551695e-02
4.480159535958293943e-02
4.719846844079213233e-02
4.961236624943524826e-02
5.204201686960671647e-02
5.448627470375957266e-02
5.694412187215013715e-02
5.941464567846255207e-02
6.189701417718293519e-02
6.439046183686816804e-02
6.689428904550286104e-02
6.940785149513885310e-02
7.193054737099208173e-02
7.446179703035224473e-02
7.700106494322524198e-02
7.954788358354054900e-02
8.210190256028856992e-02
8.466272184376998078e-02
8.722995835750727012e-02
8.980326573793927236e-02
9.238223734081496552e-02
9.496650652552497684e-02
9.755574834992249145e-02
1.001496851047185138e-01
1.027481367117421690e-01
1.053508113642893235e-01
1.079573276409194343e-01
1.105673052960615133e-01
1.131803601860373459e-01
1.157961896466184054e-01
1.184145629926598026e-01
1.210351897990356862e-01
1.236576913324741039e-01
1.262817561477142803e-01
1.289069311695155151e-01
1.315327608997379771e-01
1.341589178263728199e-01
1.367853870000912964e-01
1.394121855501334328e-01
1.420389436564759023e-01
1.446651226289437930e-01
1.472904331494668262e-01
1.499147473713679790e-01
1.525378448421220723e-01
1.551592168144867168e-01
1.577783224861622757e-01
1.603947602648436166e-01
1.630079951410535466e-01
1.656175126973687961e-01
1.682229712318814852e-01
1.708237660773957722e-01
1.734190824292795863e-01
1.760078727183282399e-01
1.785888740285915821e-01
1.811609104662724457e-01
1.837231308598890611e-01
1.862748496853629254e-01
1.888153866637814204e-01
1.913438787112005657e-01
1.938591591336492892e-01
1.963598651323297251e-01
1.988442386003204110e-01
2.013105542656244973e-01
