-1.260914335506332971e-04
-2.521828671012666485e-04
-3.782742969729673260e-04
-5.043528017342026933e-04
-6.302023989402989355e-04
-7.556660798570578137e-04
-8.810741454303401077e-04
-1.006482917266085736e-03
-1.131697893363452743e-03
-1.256599840894290351e-03
-1.381178054209386379e-03
-1.507207282975586964e-03
-1.632424982141196653e-03
-1.756155131021464857e-03
-1.877773537196193894e-03
-1.996881408900937679e-03
-2.113352816540989103e-03
-2.227237023123529100e-03
-2.338661291948983777e-03
-2.447779485113524625e-03
-2.554749755349811600e-03
-2.659727374725744976e-03
-2.762860584193210095e-03
-2.864289152953819213e-03
-2.964145274463863590e-03
-3.062552841607216712e-03
-3.159626394318641555e-03
-3.255472391988432738e-03
-3.350192721331747472e-03
-3.443891184760513018e-03
-3.536668389001830504e-03
-3.628613997882738831e-03
-3.719829456075122130e-03
-3.810420282145368827e-03
-3.900486022340425834e-03
-3.990095057334429665e-03
-4.079304501599577588e-03
-4.168183763612240064e-03
-4.256807680720398925e-03
-4.345240968443149672e-03
-4.433531519334669990e-03
-4.521723884175067425e-03
-4.609860737126319531e-03
-4.697974472800942221e-03
-4.786083587103013778e-03
-4.874212905786367081e-03
-4.962390066087295909e-03
-5.050635828227936254e-03
-5.138964333105210287e-03
-5.227395708395276598e-03
-5.315950092279301230e-03
-5.404650959877955324e-03
-5.493534497387858768e-03
-5.582633161037281640e-03
-5.671955224257054125e-03
-5.761488331032608816e-03
-5.851215981974888444e-03
-5.941122807951172181e-03
-6.031197602740323224e-03
-6.121431530076163613e-03
-6.211814006550356142e-03
-6.302326580800908691e-03
-6.392962433097632707e-03
-6.483729634805076268e-03
-6.574641295010640908e-03
-6.665700147082320379e-03
-6.756937221280581718e-03
-6.848394377077718712e-03
-6.940095147366490830e-03
-7.032041263904976157e-03
-7.124251207959436845e-03
-7.216749159831058712e-03
-7.309560979911417303e-03
-7.402708605894135242e-03
-7.496206656784354383e-03
-7.590075654403153141e-03
-7.684353195326019785e-03
-7.779076714761802049e-03
-7.874268751144606823e-03
-7.969952885143278751e-03
-8.066161575705364101e-03
-8.162921031940769540e-03
-8.260255168025851247e-03
-8.358192154487343456e-03
-8.456749234974501178e-03
-8.555934625547849046e-03
-8.655756984620007616e-03
-8.756251511492995146e-03
-8.857483270302264275e-03
-8.959518920826999369e-03
-9.062415488088971030e-03
-9.166222592352330292e-03
-9.270982285939600651e-03
-9.376743886395623451e-03
-9.483562667999953164e-03
-9.591498781213313174e-03
-9.700619614394631260e-03
-9.811027204255784104e-03
-9.922842198295599853e-03
-1.003617592035491862e-02
