4.544162355429870459e-16
-4.646348410186629252e-16
-7.911477462735350130e-15
9.683861873462974463e-08
4.248070401263111012e-06
1.181712014059433052e-05
2.431000318891326107e-05
-2.590031630219733079e-05
-6.086876347779072755e-05
-9.466625119866495523e-05
-1.836484375576924314e-04
1.667038350376331690e-01
2.762192225833668968e-01
3.905492279256195243e-01
5.095036513162114478e-01
6.241102802948399475e-01
7.287227837261309737e-01
8.213913194389264039e-01
9.024686712166510860e-01
9.732639223713892562e-01
1.035233643498805867e+00
1.089682745075678305e+00
1.137723539951291052e+00
1.180301833931949540e+00
1.218221763768702059e+00
1.252153908762573264e+00
1.282654353014028192e+00
1.310178435683710507e+00
1.335069598517390599e+00
1.357671680622557275e+00
1.378374586171304816e+00
1.397414215346008071e+00
1.415064710049136254e+00
1.431482401039026353e+00
1.446931975364283307e+00
1.461522569989423648e+00
1.475231352355854897e+00
1.488174789999171299e+00
1.500485364051501680e+00
1.512093630764323793e+00
1.522980837227174478e+00
1.533243223844742209e+00
1.542933481740398349e+00
1.552036418927955408e+00
1.560578735347672330e+00
1.568755687977367641e+00
1.576495112665641907e+00
1.583791846530815173e+00
1.590675006850675643e+00
1.597275763990636976e+00
1.603781114553836096e+00
1.610150659028694919e+00
1.616270461630020749e+00
1.622176204464261806e+00
1.627932418640556822e+00
1.633457365542037465e+00
1.638892819619542029e+00
1.644330360359712584e+00
1.649662442294439479e+00
1.654831351342341383e+00
1.659740772338347714e+00
1.664437745381188050e+00
1.669033647329203340e+00
1.673644456406309544e+00
1.678188034759807046e+00
1.682665569535420458e+00
1.687228755949259806e+00
1.691962418745399432e+00
1.696660716865994623e+00
1.701194754537117548e+00
1.705664784004891743e+00
1.710181569761111353e+00
1.714449415223042728e+00
1.718569114607376713e+00
1.722736570476646412e+00
1.726993309736660764e+00
1.731337129125991137e+00
1.735724989699225285e+00
1.740098471451761108e+00
1.744454670914785677e+00
1.748980468039928349e+00
1.753643389822567844e+00
1.758424027535917311e+00
1.763217037823272770e+00
1.767896715667477636e+00
1.772269358801589201e+00
1.776305588089383880e+00
1.780004826205116686e+00
1.783414145121283712e+00
1.786658425904127157e+00
1.789704505093496989e+00
1.792329921900313483e+00
1.794425386056547334e+00
1.795840009968237894e+00
1.796384087708264854e+00
1.795978756729859072e+00
1.794538728351582346e+00
1.792134543986152906e+00
1.788878387257339275e+00
1.785096277159145872e+00
