3.987571127933726696e-10
3.987571127933726696e-10
4.276625045045155995e-10
1.191154909112870226e-07
2.574312065004889604e-06
1.190782344464284005e-05
3.730133975441531698e-05
8.794846285526070279e-05
1.712462539379739810e-04
2.994819455198496861e-04
4.891602178835178540e-04
6.864717267212309569e-04
1.016515313349089034e-03
1.486951878917821147e-03
2.105026484584755428e-03
2.867087876415929347e-03
3.762296606585606874e-03
4.777031363289773423e-03
5.897757757381548102e-03
7.112254057175528346e-03
8.409847725191672146e-03
9.781309320169007809e-03
1.121868303802992135e-02
1.271511849016847967e-02
1.426471670167941616e-02
1.586238239302332001e-02
1.750369328129003366e-02
1.918478201376159348e-02
2.090220828386145022e-02
2.265296560024055231e-02
2.443449789877771491e-02
2.624445685943803397e-02
2.808080711149769926e-02
2.994176203897778304e-02
3.182593257655183527e-02
3.373201628607858799e-02
3.565863971218909134e-02
3.760454630659908204e-02
3.956866534303452726e-02
4.154998080754019468e-02
4.354746217261362684e-02
4.556018171370843778e-02
4.758733456377979565e-02
4.962814559511272150e-02
5.168177922929619028e-02
5.374755117813994482e-02
5.582476162691139138e-02
5.791271602529032836e-02
6.001072586325464919e-02
6.211825379824525983e-02
6.423492864653584933e-02
6.636030963494467250e-02
6.849386877733930346e-02
7.063521687177587438e-02
7.278409643312477861e-02
7.494013294112265855e-02
7.710306007258939387e-02
7.927272088700090813e-02
8.144888209772400967e-02
8.363126368892236095e-02
8.581948928380031538e-02
8.801318006841861441e-02
9.021202748551018780e-02
9.241586498208517741e-02
9.462450347406256568e-02
9.683758942304181161e-02
9.905487468847795629e-02
1.012763191820852671e-01
1.035018102405807355e-01
1.057310640170863181e-01
1.079638436646584154e-01
1.102000430473765724e-01
1.124393559725428426e-01
1.146816433186879647e-01
1.169268518243499616e-01
1.191747770881707441e-01
1.214252045185260087e-01
1.236780049049900493e-01
1.259329341146220582e-01
1.281896613667019291e-01
1.304481090158359224e-01
1.327081762572630275e-01
1.349697300225658203e-01
1.372326364781468744e-01
1.394967475633309140e-01
1.417616902948316826e-01
1.440269639552820558e-01
1.462919840163199314e-01
1.485562699124382269e-01
1.508195634307060440e-01
1.530816289237459105e-01
1.553420216479384774e-01
1.576001663907626582e-01
1.598553191013114549e-01
1.621065119247856456e-01
1.643526944918304589e-01
1.665926261871009395e-01
1.688250681556210941e-01
1.710489329299673955e-01
1.732634828499046709e-01
