-7.434664561726944676e+00
-1.486932912345389823e+01
-2.230398535668454940e+01
-2.973715616880291890e+01
-3.713807931670518059e+01
-4.443618573294095597e+01
-5.157386289639568844e+01
-5.890627048435933233e+01
-6.578642623666669920e+01
-7.210044220372962798e+01
-7.761611903624935849e+01
-8.228333897189135371e+01
-8.622511266012756437e+01
-8.959590922210492181e+01
-9.252207904670802918e+01
-9.509689498864962331e+01
-9.738966145019226417e+01
-9.945356170154163067e+01
-1.013303342758767656e+02
-1.030532383390625739e+02
-1.046494839099340055e+02
-1.061416544742055663e+02
-1.075477869563647602e+02
-1.088833205796348409e+02
-1.101611260154268876e+02
-1.113922040080022242e+02
-1.125842626690992319e+02
-1.137402283962344285e+02
-1.148654068467278364e+02
-1.159633792569949122e+02
-1.170381812989248544e+02
-1.180951383714008500e+02
-1.191385861950105323e+02
-1.201705302484093352e+02
-1.211926831208260325e+02
-1.222089699813678436e+02
-1.232231871694562955e+02
-1.242371443747142621e+02
-1.252521781383499331e+02
-1.262695750392791183e+02
-1.272912907121751118e+02
-1.283206005542471928e+02
-1.293609027813882904e+02
-1.304166536897264734e+02
-1.314925370289525404e+02
-1.325923916168470669e+02
-1.337204127812451588e+02
-1.348819003165893378e+02
-1.360829075524027303e+02
-1.373294650218427080e+02
-1.386274502195043965e+02
-1.399838905639411450e+02
-1.414060785265701838e+02
-1.429007166880651312e+02
-1.444750539857091383e+02
-1.461388657221014000e+02
-1.479047059931984620e+02
-1.497831074656714350e+02
-1.517778274072836382e+02
-1.538879738009737252e+02
-1.561106933304101005e+02
-1.584418023154936748e+02
-1.608761272694382285e+02
-1.634086708748093315e+02
-1.660334415813702833e+02
-1.687449511508850151e+02
-1.715402385862518315e+02
-1.744180740955550561e+02
-1.773767356517768405e+02
-1.804128646511360614e+02
-1.835235072383236741e+02
-1.867060029897538982e+02
-1.899565802750902037e+02
-1.932721488281953270e+02
-1.966514008265588984e+02
-2.000936418455463297e+02
-2.035996617810972396e+02
-2.071716693651754042e+02
-2.108120056940434495e+02
-2.145225445457057560e+02
-2.183049766456674092e+02
-2.221617851861661563e+02
-2.260964241758575497e+02
-2.301135743308123551e+02
-2.342185270904417109e+02
-2.384163920813366246e+02
-2.427123838727913778e+02
-2.471139756810867425e+02
-2.516335349675535440e+02
-2.562881850412822473e+02
-2.610939720097253485e+02
-2.660597267255225233e+02
-2.711867599212583286e+02
-2.764696324766720750e+02
-2.818998031663655865e+02
-2.874701040133783181e+02
-2.931745727489658861e+02
-2.990052440238373492e+02
-3.049555948565972017e+02
-3.110209270335768110e+02
