3.987571127933726696e-10
3.987571127933726696e-10
1.347500919812172629e-09
3.270751667954011826e-07
8.765140655685751028e-06
4.707646182060317027e-05
1.408992409990440114e-04
2.929285745443844244e-04
6.542692743211278453e-04
1.397189353648388421e-03
2.612217914322308415e-03
4.260890429263627065e-03
6.265506025287432418e-03
8.557352303684909525e-03
1.108584287725100995e-02
1.381399960824252794e-02
1.671290524377959733e-02
1.975866753949713159e-02
2.293115274846826979e-02
2.621334216367524061e-02
2.959082081600345610e-02
3.305136769207027425e-02
3.658436744172929855e-02
4.018129675234737713e-02
4.383514703285390501e-02
4.754012046077224496e-02
5.129226261219331506e-02
5.508734732608758233e-02
5.892222546178615267e-02
6.279370330854033844e-02
6.669837941781926738e-02
7.063322939860473826e-02
7.459590118487914590e-02
7.858444015933260807e-02
8.259659215393956588e-02
8.663009171120822360e-02
9.068351897780969895e-02
9.475576482924802368e-02
9.884543649474321347e-02
1.029509372601376538e-01
1.070704505667000872e-01
1.112022138902039464e-01
1.153441000790729754e-01
1.194938101658449825e-01
1.236496092994274626e-01
1.278094565872719135e-01
1.319705159471044609e-01
1.361294456209913850e-01
1.402830536136857598e-01
1.444283753407235027e-01
1.485619537462285755e-01
1.526804203711848995e-01
1.567809848627238767e-01
1.608603581723099807e-01
1.649141049559207373e-01
1.689360272965040044e-01
1.729198893376272805e-01
1.768635291965128253e-01
1.807676533440029376e-01
1.846344103615620569e-01
1.884664370307052861e-01
1.922671075694503406e-01
1.960389705458523424e-01
1.997844106500188954e-01
2.035057766935399748e-01
2.072039061938443505e-01
2.108778501259538363e-01
2.145264177082104595e-01
2.181497590304979084e-01
2.217483811500805257e-01
2.253223776342110629e-01
2.288720617458228079e-01
2.323980474223245052e-01
2.359000869618636254e-01
2.393774728435487942e-01
2.428287506845434318e-01
2.462510354308168337e-01
2.496413081713462490e-01
2.529968859193992836e-01
2.563157018546151078e-01
2.595950795759696117e-01
2.628313726704517572e-01
2.660203970725151246e-01
2.691571160214004665e-01
2.722356655703760953e-01
2.752504258896505407e-01
2.781948185486579628e-01
2.810597376348545895e-01
2.838323169799045753e-01
2.864972998525625036e-01
2.890420008325438328e-01
2.914594113419415877e-01
2.937491069803225274e-01
2.959156636007129748e-01
2.979647894426827870e-01
2.999008829732296988e-01
3.017279464507433562e-01
3.034509818029882400e-01
3.050741452144667964e-01
3.066026055570925668e-01
