6.046124922966471971e+00
1.209224984593294216e+01
1.813837251851728638e+01
2.417580575440958413e+01
3.011499420190962439e+01
3.586954444812001697e+01
4.137242358584548896e+01
4.656997761539318503e+01
5.140602398866956690e+01
5.581764628472962642e+01
5.974776655624125254e+01
6.316702196534907188e+01
6.610414478974819019e+01
6.862914763414143238e+01
7.082081897569290163e+01
7.274927244789172676e+01
7.447030241387427907e+01
7.934888811895520178e+01
8.155927180748720673e+01
8.316646859868552610e+01
8.454864597238896806e+01
8.580311021213252332e+01
8.696659059071136255e+01
8.805836774775065123e+01
8.909089829840536368e+01
9.007322089228092921e+01
9.101234530235170439e+01
9.191393613859058576e+01
9.278272301429477409e+01
9.362283226370755074e+01
9.443817211426849667e+01
9.523215683477448579e+01
9.600765019040706250e+01
9.676872839149501715e+01
9.751949394049646003e+01
9.826278213169993592e+01
9.899970310127530126e+01
9.973177622740692527e+01
1.004615328086278794e+02
1.011896248678039427e+02
1.019169270800142044e+02
1.026457030786571210e+02
1.033786653076299729e+02
1.041171061786438798e+02
1.048642923920117767e+02
1.056231071864682320e+02
1.063936480933363811e+02
1.071756144785303633e+02
1.079701070646369487e+02
1.087786993057311236e+02
1.096019657839410257e+02
1.104400258308121465e+02
1.112929820305640192e+02
1.121620494785158115e+02
1.130489345162657315e+02
1.139573903687056884e+02
1.148905220623315273e+02
1.158479956198895024e+02
1.168286914670108132e+02
1.178348356201566531e+02
1.188717497834384460e+02
1.199431972840361311e+02
1.210502121003135727e+02
1.221934713496823264e+02
1.233751317536608951e+02
1.245974591432867413e+02
1.258656625380122733e+02
1.271858793957248395e+02
1.285620745760161299e+02
1.299967135775033000e+02
1.314917293874552797e+02
1.330494935033613331e+02
1.346757416534688900e+02
1.363801375176727788e+02
1.381740156706588323e+02
1.400681288894435568e+02
1.420740424978243652e+02
1.442023143578948634e+02
1.464607435725827145e+02
1.488537474563202352e+02
1.513795169848474700e+02
1.540313052036655392e+02
1.568012381104107931e+02
1.596819976382164725e+02
1.626654462940273334e+02
1.657427535623048698e+02
1.689075327156810999e+02
1.721549917383656521e+02
1.754811993352161323e+02
1.788819788959860091e+02
1.823538989456855575e+02
1.858948196254043523e+02
1.895046859292810382e+02
1.931838100164576701e+02
1.969311661795710222e+02
2.007450294830882171e+02
2.046244382715206029e+02
2.085682365981172950e+02
2.125747280256859426e+02
2.166420298139080955e+02
