3.913268465036073407e-10
3.913268465036073407e-10
8.488435293059484671e-10
2.001239578532159245e-06
2.893826175271536140e-05
1.088726927493169057e-04
2.737459046721427429e-04
5.580586508472365134e-04
1.004394840008441311e-03
1.664620542153520764e-03
2.593915799693483765e-03
3.833998089127830470e-03
5.387025784953811298e-03
7.220652319497976833e-03
9.289798032744458339e-03
1.155087918289877599e-02
1.396769088323649918e-02
1.601001597387853581e-02
1.849723703096671154e-02
2.115516823372857666e-02
2.391618422968493085e-02
2.675484268915187536e-02
2.965731912381236804e-02
3.261427600044558561e-02
3.561867522555344640e-02
3.866490873119118876e-02
4.174838082458440236e-02
4.486525372951970236e-02
4.801225185184109651e-02
5.118647208537291382e-02
5.438540240871754528e-02
5.760692713634866374e-02
6.084879455485330685e-02
6.410892440205082088e-02
6.738574711323613853e-02
7.067835195131627612e-02
7.398575506989239770e-02
7.730656761749632455e-02
8.064015945909686067e-02
8.398575072464371793e-02
8.734222226879170825e-02
9.070820146121172378e-02
9.408300405337564898e-02
9.746532812873527629e-02
1.008539363112067877e-01
1.042486778177072054e-01
1.076495077430723452e-01
1.110557281123689816e-01
1.144663847310826293e-01
1.178808836509820102e-01
1.212988730070091309e-01
1.247198100473008858e-01
1.281428721467798015e-01
1.315673824757805643e-01
1.349915416727658912e-01
1.384135143701026027e-01
1.418330138651618666e-01
1.452503983202359794e-01
1.486645646268385523e-01
1.520727449570870582e-01
1.554732036393859651e-01
1.588653014301504851e-01
1.622480027860931651e-01
1.656196251254029583e-01
1.689791204370980904e-01
1.723242812100800325e-01
1.756520025462262879e-01
1.789596667989892809e-01
1.822456047117322064e-01
1.855088469316324706e-01
1.887487527252139918e-01
1.919628664101685478e-01
1.951464279323280315e-01
1.982927683993352119e-01
2.013957710115973909e-01
2.044494499757401051e-01
2.074474766322372543e-01
2.103852461790181871e-01
2.132592719924173985e-01
2.160695820930552125e-01
2.188199686442142133e-01
2.215150508335232693e-01
2.241578415044575279e-01
2.267515748032668810e-01
2.293011030312891441e-01
2.318094095761535633e-01
2.342788108850217821e-01
2.367113770238068460e-01
2.391084031497378859e-01
2.414709982902854823e-01
2.438000214011290523e-01
2.460955454665156306e-01
2.483567008636816675e-01
2.505830393355928942e-01
2.527748511246726282e-01
2.549322576732943602e-01
2.570548076229933754e-01
2.591426950662736872e-01
2.611962193116614261e-01
2.632154467499324135e-01
