5.565298864448104510e+00
1.113059772889620902e+01
1.669589659334466702e+01
2.226052248866625760e+01
2.780703615470415713e+01
3.330720099796670297e+01
3.871452669162234628e+01
4.399487147855128200e+01
4.912990239619362143e+01
5.408415741240425234e+01
5.881424917130783570e+01
6.403974489987032825e+01
6.860318674040057374e+01
7.271497226918013723e+01
7.641128150561888788e+01
7.972191163832225413e+01
8.268922864406198414e+01
8.535981273433058902e+01
8.777721629897189359e+01
8.997913631520178512e+01
9.199724784491642993e+01
9.385785012130720872e+01
9.558266853467567614e+01
9.718970803467450992e+01
9.869401659633571455e+01
1.001082699211589500e+02
1.014431788711969631e+02
1.027077990037653450e+02
1.039098136204442824e+02
1.050558303672038676e+02
1.061516952550690576e+02
1.072026357972492008e+02
1.082134548689882081e+02
1.091887158768004014e+02
1.101320199957773980e+02
1.110458153558402188e+02
1.119325744394098194e+02
1.127952098385094217e+02
1.136366915941241444e+02
1.144587215294827729e+02
1.152625666322918789e+02
1.160506262497567462e+02
1.168250159047851753e+02
1.175861714268458513e+02
1.183351406495620211e+02
1.190737660942339318e+02
1.198033418240739394e+02
1.205249367977038872e+02
1.212403400044924950e+02
1.219513122283166808e+02
1.226589569582643264e+02
1.233640798978837410e+02
1.240676172111930811e+02
1.247708604606485636e+02
1.254752538593450168e+02
1.261818902098054593e+02
1.268905368440182002e+02
1.276007271937057226e+02
1.283128331813556429e+02
1.290279452852504107e+02
1.297474201951678481e+02
1.304723701895452166e+02
1.312034909640985916e+02
1.319413462120731992e+02
1.326862810426996759e+02
1.334388463891568506e+02
1.341994908095535095e+02
1.349680425683235683e+02
1.357446162324349359e+02
1.365297463190661347e+02
1.373238320168501332e+02
1.381270319519557006e+02
1.389395595518308824e+02
1.397620573732426408e+02
1.405953150923748183e+02
1.414397683706709756e+02
1.422954312624480622e+02
1.431624671708053427e+02
1.440417336229554337e+02
1.449343938113960348e+02
1.458414110914788466e+02
1.467633841155583525e+02
1.477004968028145981e+02
1.486525471058742198e+02
1.496195984289993248e+02
1.506025175372303124e+02
1.516029545020007845e+02
1.526227156346769505e+02
1.536634896710232283e+02
1.547269684861356893e+02
1.558147681499872306e+02
1.569281769452024946e+02
1.580682001526771785e+02
1.592358726647381104e+02
1.604329556969546218e+02
1.616619170355888002e+02
1.629255084876158151e+02
1.642264366847933275e+02
1.655679490287746773e+02
1.669540998184182570e+02
