3.987570733967483257e-10
3.987570733967483257e-10
3.987570733967483257e-10
8.208535414139904520e-08
2.533785849903779082e-06
1.189958001179088904e-05
3.774539683677703358e-05
8.872315275042108747e-05
1.721461275627041891e-04
3.011300303608664751e-04
4.927732383991556206e-04
6.906292424476119041e-04
1.020191226694620477e-03
1.488803040837920633e-03
2.104657938637709020e-03
2.864492160701921121e-03
3.757486320155250820e-03
4.770115391286894498e-03
5.888965876420899741e-03
7.101882036377372802e-03
8.398179681873353328e-03
9.768592040734677337e-03
1.120515277484566974e-02
1.270100981558581338e-02
1.425022333180678800e-02
1.584760739257702264e-02
1.748863644973469578e-02
1.916938559085533053e-02
2.088646464260167368e-02
2.263692750958605851e-02
2.441820441719536744e-02
2.622803655238954007e-02
2.806437325765478996e-02
2.992544713296961187e-02
3.180980723452907916e-02
3.371606527489467986e-02
3.564283859520318842e-02
3.758876596802240150e-02
3.955276342676514872e-02
4.153391260304147015e-02
4.353111159726703178e-02
4.554328637164854060e-02
4.756980550644934053e-02
4.960992898751413749e-02
5.166275385277491888e-02
5.372755524325417004e-02
5.580378959242079939e-02
5.789073765615691813e-02
5.998769478445751396e-02
6.209418628530178480e-02
6.420980087628555544e-02
6.633414326743812539e-02
6.846673619172491398e-02
7.060708617489228067e-02
7.275465974102680866e-02
7.490933514428975426e-02
7.707108047524934002e-02
7.923964802830076037e-02
8.141466640035864566e-02
8.359571608321672564e-02
8.578240521326895018e-02
8.797449747268197562e-02
9.017174017694493116e-02
9.237394782950320016e-02
9.458090676030597721e-02
9.679228299221039056e-02
9.900808082840402424e-02
1.012283522498112903e-01
1.034528944656415428e-01
1.056814577527121907e-01
1.079138809636106394e-01
1.101500426634967611e-01
1.123896504209101338e-01
1.146323818323707611e-01
1.168781623833000521e-01
1.191269436446784902e-01
1.213786642069065030e-01
1.236329887255565169e-01
1.258895157952895083e-01
1.281478689277318339e-01
1.304077970143126541e-01
1.326691567170980024e-01
1.349319694379492174e-01
1.371964080937682351e-01
1.394622432814034974e-01
1.417289200104988323e-01
1.439956922699580644e-01
1.462620076534709712e-01
1.485272877981244910e-01
1.507909727999300620e-01
1.530526144002431754e-01
1.553119730255665409e-01
1.575687880239880490e-01
1.598227021087840760e-01
1.620729387187589687e-01
1.643185683312204382e-01
1.665586307954770307e-01
1.687922443810093431e-01
1.710182057242440601e-01
1.732350846168503877e-01
