2.868242678305640497e-08
5.736485356629124272e-08
8.602939516498887501e-08
1.149235748667002653e-07
1.511403866587905547e-07
1.457762491707100386e-07
1.400110101708460744e-07
2.205000620590364055e-07
4.341693710135824089e-07
6.612854284839539678e-07
7.199613300584088542e-07
6.543334755763657025e-07
4.352923480972369168e-07
-2.102649256018868452e-08
-7.067557398668641181e-07
-1.475194453181172271e-06
-2.176145975393712586e-06
-2.732885252426686485e-06
-2.692543973256248015e-06
-2.123322541854002324e-06
-1.573987609975342276e-06
-1.082627731954526433e-06
-6.295721376165026753e-07
-2.009018343832193457e-07
2.048855797485840884e-07
5.836487748823592121e-07
9.341180656776673046e-07
1.259657722512933864e-06
1.565958587020134116e-06
1.865652898771387622e-06
2.171573354326767311e-06
2.488036049652258937e-06
2.811667840459046041e-06
3.143764742107147210e-06
3.492874900646550892e-06
3.864464425833447420e-06
4.255056692760160564e-06
4.667720539975180853e-06
5.112813909924903167e-06
5.610879091771609320e-06
6.166375179679328695e-06
6.766434002015442701e-06
7.356710272153186124e-06
7.906325870407288214e-06
8.420837948054882578e-06
8.932687926783973540e-06
9.451808060820338585e-06
9.958933848448936379e-06
1.046860506872236853e-05
1.103117395986410704e-05
1.170303239855807741e-05
1.252245729462498098e-05
1.345893485961717228e-05
1.444712964551533399e-05
1.551579921587701110e-05
1.668611821423445830e-05
1.795496422721457714e-05
1.932985735821341324e-05
2.081913965854084741e-05
2.240559149567591493e-05
2.407935108072919691e-05
2.578926206293137325e-05
2.743471491684091186e-05
2.896322449459574121e-05
3.039620617517149081e-05
3.177598550672107669e-05
3.312604912795355766e-05
3.442825637116986119e-05
3.564953819164651900e-05
3.671608909689621434e-05
3.750867136021137537e-05
3.794127596868276920e-05
3.800451494248266085e-05
3.774307479698175353e-05
3.720336800582124687e-05
3.643172539394185807e-05
3.550180074218741181e-05
3.449519523161071822e-05
3.350486878812345662e-05
3.261407707249375568e-05
3.182689325915225709e-05
3.107704904227677115e-05
3.025256188256428429e-05
2.919114073896690006e-05
2.772792535294155055e-05
2.585124941596795127e-05
2.376531941255110995e-05
2.162707221812163458e-05
1.949978264644422897e-05
1.745706727184028175e-05
1.548498247316893079e-05
1.361262607088048803e-05
1.178074110749415040e-05
9.869577787804490206e-06
7.688924419095885765e-06
5.296512157892326315e-06
2.815243491996439037e-06
2.720518559055026356e-07
-2.305122821831565543e-06
-4.763157187027510151e-06
