-3.838560871070872960e-14
-7.657599326773428805e-14
6.757230295868343201e-10
1.374081112805441290e-07
4.289527636199149362e-07
-3.571266861915551108e-06
1.741624077104646229e-07
5.069960394815285157e-05
1.049295633743123953e-04
1.792377297169958725e-04
2.018012027871637307e-04
2.237260267458096065e-04
2.685951512796872897e-04
2.556478516697029829e-04
2.063440286769472254e-04
1.857260067571887656e-04
1.975711565074779940e-04
2.212456331791211274e-04
-2.629793476467501799e-03
-2.748182818260393526e-03
-2.480466967295988714e-03
-2.118137842261475379e-03
-1.733298087106936551e-03
-1.345016816844589675e-03
-9.616314578949449517e-04
-6.315981389920673466e-04
-4.109093839093918990e-04
-4.029247138306831823e-04
-6.437654752139875458e-04
-9.600937879475397599e-04
-1.280717366570830558e-03
-1.473315541106896484e-03
-1.624814015458107700e-03
-1.873363011933202107e-03
-2.097537960706571600e-03
-2.163583807912910790e-03
-2.190686714353156771e-03
-2.218580398956924733e-03
-2.318694797216070986e-03
-2.531705305396909564e-03
-2.850340893817627369e-03
-3.040960100662731293e-03
-3.187722937431088088e-03
-3.381576886799860827e-03
-3.627971462261026132e-03
-3.811872887230861699e-03
-3.819813650797952882e-03
-3.631564208633122383e-03
-3.231912126505369527e-03
-2.755906613151803877e-03
-2.334715410203237924e-03
-1.848641786556463017e-03
-1.344731755930761831e-03
-8.740224748423821178e-04
-5.407644400317295885e-04
-3.483413515392534947e-04
-2.297327800096977436e-04
-2.292595581074104334e-04
-3.750759576365628178e-04
-5.000060609367689736e-04
-3.746365274107112640e-04
-1.599308044643076368e-04
2.101203146010980488e-04
8.102828207533689740e-04
1.499869114464306335e-03
2.170057723086702035e-03
2.679136228783591395e-03
3.139201531567380708e-03
3.665055212739396807e-03
4.338076727464981221e-03
5.099623098850284905e-03
5.830693933528592610e-03
6.425330209336376289e-03
6.983649061766987118e-03
7.554007878743083243e-03
8.013120967568355610e-03
8.399319740200760637e-03
8.807120239394552672e-03
9.217811886422719314e-03
9.463723318398771164e-03
9.527578132994160912e-03
9.537952542625445160e-03
9.521029673189440254e-03
9.472552862956206896e-03
9.296532587895934771e-03
8.823139750694850708e-03
8.219570330262684216e-03
7.634578981945027397e-03
7.146804125053429074e-03
6.805043170545477249e-03
6.347052121248733872e-03
5.807071415240553335e-03
5.303034072352268147e-03
5.016446218958057340e-03
4.745447668974302029e-03
4.444698293736714170e-03
4.204744085647338890e-03
3.759652766229013010e-03
2.705300826158389856e-03
1.057088861438846552e-03
