5.183254925504964916e+00
1.036650985100993161e+01
1.554967889292448646e+01
2.072933697568641165e+01
2.589900062107956558e+01
3.102943733722873887e+01
3.604330551932671511e+01
4.086374243213059287e+01
4.542009103561230887e+01
4.958013682204743588e+01
5.321114151352677624e+01
5.626498525089586167e+01
5.879284012328700726e+01
6.089264954980574629e+01
6.265815520611970868e+01
6.416412306829381862e+01
6.546746198057758193e+01
6.661141381141547413e+01
6.856060028978725995e+01
6.964825189113413728e+01
7.050443523547488667e+01
7.125416078772306605e+01
7.193734339209416362e+01
7.257267810651033813e+01
7.317127876253957197e+01
7.374065782807105052e+01
7.428617000826730532e+01
7.481175722270103279e+01
7.532032759084106033e+01
7.581415565375358767e+01
7.629551133546324593e+01
7.676628603162113507e+01
7.722803225984509368e+01
7.768199756245878973e+01
7.812915826142848630e+01
7.857090844421686882e+01
7.900971877267309651e+01
7.944823407617658972e+01
7.988848321297302846e+01
8.033170496873449906e+01
8.077820199395137024e+01
8.122719496360366520e+01
8.167902434455025684e+01
8.213352352943138612e+01
8.259063954190396828e+01
8.305078200900591412e+01
8.351454500283929860e+01
8.398258203925946930e+01
8.445553327621547623e+01
8.493512837209161148e+01
8.542248734417250944e+01
8.591813109235631885e+01
8.642239317149483213e+01
8.693638708909819002e+01
8.746085044523063345e+01
8.799621926725353660e+01
8.854202731396259196e+01
8.909760001551288155e+01
8.966341975759806360e+01
9.024033651063524530e+01
9.082884859209750061e+01
9.142970614706298704e+01
9.204314000393296169e+01
9.266914114277294345e+01
9.330807166980164880e+01
9.396005558624707987e+01
9.462545727148342678e+01
9.530666004969336313e+01
9.600510945487349090e+01
9.672080199532315703e+01
9.745468079734067146e+01
9.820709454767487046e+01
9.897743997337781252e+01
9.976487734889208525e+01
1.005688600675556188e+02
1.013872876508186209e+02
1.022165820010624344e+02
1.030547395509550626e+02
1.039011357416391093e+02
1.047560141322307743e+02
1.056203159151343414e+02
1.064960844731802041e+02
1.073852926830975605e+02
1.082887590620804303e+02
1.092069051377500841e+02
1.101410614288433294e+02
1.110928789104313950e+02
1.120636310410998959e+02
1.130535796365030450e+02
1.140622506348585290e+02
1.150890913370706414e+02
1.161340410360776332e+02
1.171973368477529078e+02
1.182813469500478902e+02
1.193898395815264166e+02
1.205279860638434428e+02
1.217033426156528151e+02
1.229237350856112982e+02
1.241968796518017371e+02
1.255306219731106268e+02
