-8.487940690907891031e-08
-1.697588138181980812e-07
-2.546382207271790665e-07
-3.395176401966311028e-07
-4.245122562698625914e-07
-5.131854021237682441e-07
-5.978267467945690520e-07
-6.027492700430326285e-07
-6.217104191144389267e-07
-7.265614499066805617e-07
-8.019894380120455725e-07
-7.790037016128147378e-07
-6.700294673724732067e-07
-7.633482155463637263e-07
-8.319585539549665823e-07
-9.444241915988058044e-07
-1.089757424009494033e-06
-1.296069433719926488e-06
-1.569348538098580498e-06
-1.874241175806473576e-06
-2.176961503608094567e-06
-2.465167858251883250e-06
-2.740612655804960315e-06
-3.009343536740362371e-06
-3.274441236232400451e-06
-3.533151129210359331e-06
-3.779415469083029847e-06
-4.007860364856789066e-06
-4.215825819872787936e-06
-4.403149117175940189e-06
-4.571236075757834507e-06
-4.721121550801976753e-06
-4.853627662108467831e-06
-4.969788070365036017e-06
-5.071076512558352218e-06
-5.159601435060541603e-06
-5.238764745427904999e-06
-5.309771337374657991e-06
-5.367846416452592901e-06
-5.409831246208007909e-06
-5.436356814871173803e-06
-5.449846870997358301e-06
-5.450860258640253805e-06
-5.441327774024201484e-06
-5.423008788230427382e-06
-5.396383251042543956e-06
-5.357458238485060484e-06
-5.305314604480581807e-06
-5.242583910568714729e-06
-5.174954614232897964e-06
-5.110906591388088830e-06
-5.055231580070845940e-06
-5.010537556282014539e-06
-4.980613654916194023e-06
-4.971937794449616393e-06
-4.991542723538344130e-06
-5.055094974594578035e-06
-5.186799515928039027e-06
-5.405424558437488589e-06
-5.714877995347921348e-06
-6.106806097453853923e-06
-6.561305360165651836e-06
-7.047465477646502019e-06
-7.546897335887985166e-06
-8.036113929041872271e-06
-8.492153914417468753e-06
-8.893258114236848560e-06
-9.217023825496536155e-06
-9.457991960893677747e-06
-9.633792715914817531e-06
-9.754944923523184289e-06
-9.800706174101088918e-06
-9.760678411146276795e-06
-9.646403803775468840e-06
-9.448329871858137830e-06
-9.148127526026032531e-06
-8.781453253688983643e-06
-8.380147965535487305e-06
-7.915956211738241490e-06
-7.328366751500858406e-06
-6.588663743536170582e-06
-5.715319224733878244e-06
-4.719836374389875844e-06
-3.610999150787798572e-06
-2.402658946805426938e-06
-1.141706221699519434e-06
1.224994478291693375e-07
1.384137125471449544e-06
2.651432358428868448e-06
3.936003869425109365e-06
5.237338637263235073e-06
6.492198667796277676e-06
7.584722461937546509e-06
8.412171965601526754e-06
8.951505974395039693e-06
9.226427457656355931e-06
9.242049508901934452e-06
9.029943643115044609e-06
8.653388212116378976e-06
8.151426672773312050e-06
