-2.705776869785713953e-16
-5.278578037181975297e-16
6.499122868022268185e-16
-1.524810076922351876e-15
-5.361563473467272078e-10
2.203423892779993469e-08
-1.287184473981408837e-09
5.013851362535697449e-07
8.959218399870212064e-06
1.856634145426405176e-05
2.847418384278462916e-05
5.535235118718459274e-05
9.213025004107687401e-05
-6.865509195498167351e-05
3.404141405521458603e-04
7.113834229742423305e-04
1.172942452297866646e-03
1.573124793872602602e-03
1.755488022220227972e-03
1.772784099473804316e-03
1.732962289054435553e-03
1.691866771491210746e-03
1.662659910536000690e-03
1.631810055394733536e-03
1.572767476062744653e-03
1.473828788570753128e-03
1.346985920682609557e-03
1.212141845289638111e-03
1.083791848414202572e-03
9.705751748693171570e-04
8.650074515475086878e-04
7.674740221553153201e-04
6.811749230745834521e-04
6.100140180552327419e-04
5.574016501405688884e-04
5.255646609974002183e-04
4.986560724219094975e-04
4.560744094828863985e-04
4.125465227400662571e-04
3.836648084194629687e-04
3.656509673151844115e-04
3.359115033420241375e-04
2.999417835926517233e-04
2.620087048786220400e-04
2.256668251836311059e-04
1.835776231418486217e-04
1.422427475806937449e-04
1.059585114616668058e-04
8.804955957286106664e-05
9.920645897733150855e-05
1.273498284802205877e-04
1.621487994248972718e-04
1.903719999837099567e-04
1.769952134493004662e-04
1.275694434506534065e-04
1.072203865233152059e-04
1.401316571381242611e-04
1.616006071465416719e-04
1.272783080764460103e-04
4.245958886197252443e-05
-8.375582244817549548e-05
-2.596831648847905275e-04
-4.553505299068150787e-04
-6.811144253935307556e-04
-8.832522818383821200e-04
-1.032125963623031903e-03
-1.115795452794167333e-03
-1.116823227424311882e-03
-1.016655465271290235e-03
-8.960650622762539579e-04
-8.446277813967142901e-04
-8.183850325614054275e-04
-7.865346163805753523e-04
-8.119996949658196900e-04
-9.019159133593314046e-04
-9.465135674586999930e-04
-9.055307184224125824e-04
-9.015286170911342330e-04
-1.112977545408350664e-03
-1.414208540345939999e-03
-1.675241089004709909e-03
-1.962968208194419001e-03
-2.296336760441744246e-03
-2.659091983558691235e-03
-2.925179431735454652e-03
-3.090661303052544186e-03
-3.291284691922613612e-03
-3.562090876456711856e-03
-3.898731103376744563e-03
-4.238726851888304642e-03
-4.335685650232941855e-03
-3.977600236170310277e-03
-3.183052007512536617e-03
-2.250802899473921658e-03
-1.379864309674939081e-03
-4.936909366486481529e-04
3.180303375422884613e-04
9.248431880890189234e-04
1.391079652357787291e-03
1.817987248750717582e-03
