4.821366276719409427e+00
9.642732553438820631e+00
1.446409883015642528e+01
1.928546491922083916e+01
2.410682277650484195e+01
2.892758579152090803e+01
3.373368511595356267e+01
3.844577172386026831e+01
4.287829518143189489e+01
4.679396568228437303e+01
5.081526841283153573e+01
5.399125528629347315e+01
5.656962077875950712e+01
5.867150042418627010e+01
6.040004282404327540e+01
6.184285044736283510e+01
6.306937550045054053e+01
6.413198284697212159e+01
6.506923811597158647e+01
6.590938292742470139e+01
6.667307771366462532e+01
6.737545064157629326e+01
6.802767561302133004e+01
6.863816808926019064e+01
6.921344676867181533e+01
6.975870029991538956e+01
7.027815937437092941e+01
7.077534350695448495e+01
7.125320096355974897e+01
7.171421171850325038e+01
7.216049504549457083e+01
7.259386582188474790e+01
7.301590285192384044e+01
7.342800786188875861e+01
7.383145184684553897e+01
7.422741197373720468e+01
7.461701705161354425e+01
7.500136374751129154e+01
7.538150347455352573e+01
7.575860881479732711e+01
7.613420247767932381e+01
7.651022808550860077e+01
7.688875623220337729e+01
7.727153307764857004e+01
7.765995898342882242e+01
7.805477214197533442e+01
7.845652563655339407e+01
7.886652398725922808e+01
7.928647854076990598e+01
7.971814162924242453e+01
8.016280504783185279e+01
8.062148750522158025e+01
8.109483676746384617e+01
8.158292603116134956e+01
8.208502839287304198e+01
8.260052107701527291e+01
8.312868583792500488e+01
8.366805315829991230e+01
8.421733949266173624e+01
8.477563365871598933e+01
8.534249374162557444e+01
8.591766529388145557e+01
8.650093544586127337e+01
8.709175914093836468e+01
8.768930537043404172e+01
8.829301683728579064e+01
8.890242862118664391e+01
8.951736632731211785e+01
9.013807185463539895e+01
9.076537903154880382e+01
9.140040355689306750e+01
9.204398437597291149e+01
9.269662743553377027e+01
9.335861515016391365e+01
9.403020354691535942e+01
9.471182386560401767e+01
9.540423183856893274e+01
9.610820516246413092e+01
9.682440613507341709e+01
9.755340610278005897e+01
9.829560646629015253e+01
9.905159900778529902e+01
9.982272124381589151e+01
1.006103793555260353e+02
1.014155886767947976e+02
1.022395989302558661e+02
1.030843361113407326e+02
1.039512218973888622e+02
1.048409578538317390e+02
1.057543713946332247e+02
1.066920276069011635e+02
1.076545526276430564e+02
1.086434417258238057e+02
1.096603943400979375e+02
1.107070178874333664e+02
1.117849530571480159e+02
1.128954996812879585e+02
1.140395749366427935e+02
1.152179315337640446e+02
1.164315307039515375e+02
