0.000000000000000000e+00
-6.046124922966478188e+00
-1.209224984593295638e+01
-1.813837476889922584e+01
-2.418440800118526113e+01
-3.021687577478354214e+01
-3.616244442511243307e+01
-4.194726401760029688e+01
-4.750667597840766376e+01
-5.279409841969741990e+01
-5.777218435802245722e+01
-6.238303508291753730e+01
-6.656555348911759040e+01
-7.028408869293126315e+01
-7.354409212542276464e+01
-7.638923766392335324e+01
-7.888216399565092729e+01
-8.108629034169824479e+01
-8.581537648181723910e+01
-8.484121013794397470e+01
-8.943126418515933551e+01
-9.163283273634267800e+01
-9.328578803795831220e+01
-9.472697962242273206e+01
-9.604790620232256515e+01
-9.728381188828520010e+01
-9.845323384840436631e+01
-9.956854252808186345e+01
-1.006391120295939174e+02
-1.016728956636055443e+02
-1.026778737325793571e+02
-1.036600867722487891e+02
-1.046240284752847742e+02
-1.055735534827172302e+02
-1.065118524967804348e+02
-1.074400107830605577e+02
-1.083601725823310176e+02
-1.092747521559412576e+02
-1.101865999082106811e+02
-1.111000161083064484e+02
-1.120190791206642018e+02
-1.129445944347443600e+02
-1.138767436321099353e+02
-1.148177407572323006e+02
-1.157695245988075925e+02
-1.167328994858577289e+02
-1.177079742792732020e+02
-1.186965302397787383e+02
-1.197009552753547439e+02
-1.207249909710722733e+02
-1.217718629481043848e+02
-1.228438984355116332e+02
-1.239426000405636898e+02
-1.250691863626030340e+02
-1.262253422955491402e+02
-1.274140353114162991e+02
-1.286370011463952210e+02
-1.298947837380391945e+02
-1.311880263752435951e+02
-1.325178277346284403e+02
-1.338862261803324998e+02
-1.352964892260882266e+02
-1.367525741478680459e+02
-1.382588105781549643e+02
-1.398196369213434878e+02
-1.414383040792420445e+02
-1.431180968964011981e+02
-1.448641941069458881e+02
-1.466840157335971924e+02
-1.485864789791133660e+02
-1.505812240127372945e+02
-1.526785475938112597e+02
-1.548872593250169132e+02
-1.572131353551529287e+02
-1.596583365551370264e+02
-1.622208349669826930e+02
-1.648961465977514820e+02
-1.676795379549313907e+02
-1.705660252145426625e+02
-1.735500467808391818e+02
-1.766252076027235773e+02
-1.797852378336778827e+02
-1.830238687070436470e+02
-1.863351971893085022e+02
-1.897150320157743693e+02
-1.931608721441966736e+02
-1.966711177222031210e+02
-2.002453436399657392e+02
-2.038838179599176499e+02
-2.075868915970000330e+02
-2.113546840311428809e+02
-2.151861120798662057e+02
-2.190785390097978222e+02
-2.230286043870101196e+02
-2.270343948561508398e+02
-2.310952911447333804e+02
-2.352106269970381902e+02
-2.393796121742246896e+02
-2.436007867811842971e+02
-2.478723593341725575e+02
-2.521929235831839549e+02
