0.000000000000000000e+00
3.913268465036073407e-10
3.913268465036073407e-10
3.913268465036073407e-10
2.401995929257664754e-08
3.879803665155404877e-06
3.435575763363323139e-05
1.195520066500620622e-04
2.928814236029879631e-04
5.862655426657099877e-04
1.032414434631434737e-03
1.681472618805832141e-03
2.591347777373147546e-03
3.806497715217019556e-03
5.343022784885046936e-03
7.185495056630993374e-03
9.298586608730360567e-03
1.164131514288868109e-02
1.369007469270009172e-02
1.686144770389167574e-02
1.914142166015814911e-02
2.190919253663864072e-02
2.486196180577584375e-02
2.792476206954986814e-02
3.106983906672225806e-02
3.428238123032116558e-02
3.755234212003125821e-02
4.087208756584727321e-02
4.423538979888040623e-02
4.763662715039861800e-02
5.107133147368379811e-02
5.453599590455512902e-02
5.802768973760588644e-02
6.154381502577929708e-02
6.508286924944471641e-02
6.864284383780948351e-02
7.222179139113067692e-02
7.581781014605780411e-02
7.942841576458380126e-02
8.305120701540090467e-02
8.668542642785850849e-02
9.033050040695995986e-02
9.398480579049645067e-02
9.764684668560739966e-02
1.013157287932858891e-01
1.049909710597949630e-01
1.086714712814223910e-01
1.123559485679798409e-01
1.160422847472654395e-01
1.197288671859673137e-01
1.234143667769955488e-01
1.270972370551456399e-01
1.307762269102692720e-01
1.344502553626625574e-01
1.381174776250954916e-01
1.417764298435401082e-01
1.454264188831104754e-01
1.490666024834819969e-01
1.526959453131172262e-01
1.563133017172848027e-01
1.599169309484277657e-01
1.635039015878050339e-01
1.670716138291959418e-01
1.706169234333647644e-01
1.741373518812875387e-01
1.776311267928560866e-01
1.810955192781166512e-01
1.845262420494458988e-01
1.879176778446691731e-01
1.912643614493362010e-01
1.945602693346427658e-01
1.977993580420073505e-01
2.009763996526046648e-01
2.040885593601711456e-01
2.071356477940184959e-01
2.101202416321706623e-01
2.130457308871435418e-01
2.159149499160616104e-01
2.187306864487830738e-01
2.214963297792647279e-01
2.242149162300696719e-01
2.268895546826667775e-01
2.295236781289558547e-01
2.321197844187622705e-01
2.346792120316783525e-01
2.372026597182038399e-01
2.396902270620616671e-01
2.421413592332154474e-01
2.445550644886479719e-01
2.469304930172848411e-01
2.492670369958177035e-01
2.515650487858621664e-01
2.538259592291994271e-01
2.560514522552834737e-01
2.582419195455408767e-01
2.603973266978596990e-01
2.625172511505964867e-01
2.646017978751995514e-01
2.666517412434247225e-01
2.686679030105684762e-01
2.706507380206343849e-01
