2.784179047409442109e+00
5.568358094818883330e+00
8.352537142228221967e+00
1.113671615925776059e+01
1.392089488312959311e+01
1.670507333818132167e+01
1.948925024183759547e+01
2.227341575909873939e+01
2.505755949669732630e+01
2.784168403207473830e+01
3.062578177570367188e+01
3.340985495324229504e+01
3.619313427282657614e+01
3.897294015286382063e+01
4.174283183677538034e+01
4.449258901178733794e+01
4.720928839017172152e+01
4.987754805716274120e+01
5.247903036011830125e+01
5.499257268537961352e+01
5.739570113284914044e+01
5.966753224796359945e+01
6.179225603871285699e+01
6.376155798222979598e+01
6.557495762271476281e+01
6.723843302690576706e+01
6.876237617310755468e+01
7.015957810175906673e+01
7.144358865967491568e+01
7.262759593932200630e+01
7.372379105118150733e+01
7.474308255017575675e+01
7.569501869768571112e+01
7.658783927632157429e+01
7.742860363884599906e+01
7.822332773918954274e+01
7.897713112931494095e+01
7.969438394090364852e+01
8.037883159202645800e+01
8.103369819179259537e+01
8.166177572659863415e+01
8.226549526835538018e+01
8.284698448352645528e+01
8.340811376224864659e+01
8.395053362346830284e+01
8.447570832616187886e+01
8.498494196324720917e+01
8.547940104270541894e+01
8.596013337226041529e+01
8.642808400428268101e+01
8.688410935482286845e+01
8.732898999119844063e+01
8.776343347714876586e+01
8.818807705019318632e+01
8.860350300593954387e+01
8.901025016908418763e+01
8.940881540254731874e+01
8.979965923829817598e+01
9.018320683225320522e+01
9.055985038236596552e+01
9.092995397231651111e+01
9.129385764067839659e+01
9.165188123158534950e+01
9.200432764536074615e+01
9.235148271019245669e+01
9.269361592718725262e+01
9.303097978790992784e+01
9.336380618107280327e+01
9.369231062722221282e+01
9.401670069256159934e+01
9.433717684447698559e+01
9.465393257020984663e+01
9.496715552872468891e+01
9.527702890639504574e+01
9.558372812080715164e+01
9.588741467999811618e+01
9.618824320894323421e+01
9.648637047908196962e+01
9.678195472470707728e+01
9.707515383823765376e+01
9.736612280132582953e+01
9.765501330824561421e+01
9.794197929238457334e+01
9.822717890907870242e+01
9.851076771225704931e+01
9.879289265303192735e+01
9.907370044405683984e+01
9.935335097556236406e+01
9.963199943755331844e+01
9.990981803329090383e+01
1.001870154098750305e+02
1.004638154912032775e+02
1.007404286757644485e+02
1.010170574207167107e+02
1.012938926023154949e+02
1.015711250108659840e+02
1.018489214074213436e+02
1.021273709782413590e+02
1.024065160061509658e+02
1.026864212554538796e+02
