-4.684098867051733585e-07
-9.368197734101912864e-07
-1.405283543461551041e-06
-1.879574794125244847e-06
-2.374198295445592614e-06
-3.035497270412173048e-06
-3.783268358080483424e-06
-4.538082830153769075e-06
-5.116791237381042167e-06
-5.409774811254483918e-06
-5.501046428772147401e-06
-5.658861652958634151e-06
-6.144940828193280748e-06
-7.332751465529910515e-06
-7.703498793490671135e-06
-8.268854006728259404e-06
-8.864329835154921377e-06
-9.479513877656840892e-06
-1.011020089840689162e-05
-1.074954976536259803e-05
-1.138889287837076424e-05
-1.202635771210992251e-05
-1.265170104511096281e-05
-1.325625144194905887e-05
-1.383152730457434212e-05
-1.436999035143407887e-05
-1.486371973634653569e-05
-1.531171587231410804e-05
-1.571733115383540074e-05
-1.608051554295184001e-05
-1.640019657821101728e-05
-1.667724070000080384e-05
-1.691415863480638920e-05
-1.711316259182202201e-05
-1.727316898774837426e-05
-1.739596327695125543e-05
-1.748453824866882811e-05
-1.753324832643825260e-05
-1.754535247581686359e-05
-1.752274116376723343e-05
-1.744136237875909155e-05
-1.728007688433323076e-05
-1.704347965769528929e-05
-1.672637011225750782e-05
-1.631657053508627468e-05
-1.580275469544523207e-05
-1.517971131016311256e-05
-1.446052101973369485e-05
-1.363637520696447285e-05
-1.265602511484627726e-05
-1.141987548854911933e-05
-9.862432017105410075e-06
-7.942361054866125853e-06
-5.640432482862155146e-06
-3.094709746304290426e-06
-5.235176258987100363e-07
1.959637668882836713e-06
4.304997707544478406e-06
6.420410095721834977e-06
8.159458098759139532e-06
9.456905039194387497e-06
1.046107062536970548e-05
1.135706833491229830e-05
1.223384748479223623e-05
1.317393238999555493e-05
1.425403710536054683e-05
1.555950687415276579e-05
1.720293898467513527e-05
1.928419725702252478e-05
2.180252451751779711e-05
2.466088404494711476e-05
2.756093684113785966e-05
3.006615237473265009e-05
3.180622506827440857e-05
3.243782659134901918e-05
3.165187523869614027e-05
2.924765680297078207e-05
2.525118950356760556e-05
1.967497892697859038e-05
1.272789454438471161e-05
4.830435961393097675e-06
-3.447036306780975788e-06
-1.163050418692037712e-05
-1.911240960548467497e-05
-2.543190296366289077e-05
-3.041799597356081340e-05
-3.425052453884816711e-05
-3.733258268753179122e-05
-3.964494712614098583e-05
-4.095478261572388937e-05
-4.121027347628056177e-05
-4.048603074251763359e-05
-3.897331014271608227e-05
-3.713919490113408206e-05
-3.505383054879238406e-05
-3.263342414656231818e-05
-3.001375052716239009e-05
-2.729962607901080280e-05
-2.458213010152307705e-05
-2.207402942941625977e-05
