-1.127818016521996494e-16
1.367695629602046214e-16
5.329007779283499897e-10
-1.392415996513853813e-07
-7.290078134488296252e-07
3.174954298340370990e-06
1.227715919998438513e-05
2.090350709868256368e-06
-2.977077878452695335e-07
8.890288743062954796e-05
2.525210820568808386e-04
1.178224910223284129e-04
2.109285704032775894e-03
-8.283328243804372699e-04
1.914243251044014070e-03
2.260973112522647339e-03
2.548309345950629159e-03
2.898314120137249032e-03
3.229512279598171793e-03
3.475827518881615102e-03
3.601720677161879183e-03
3.614701000088366058e-03
3.529688248985832395e-03
3.368952048896226188e-03
3.152794906137915566e-03
2.897246134231120165e-03
2.613495848084156255e-03
2.321780061902994300e-03
2.047271914788577601e-03
1.785804261417600885e-03
1.534100362876277468e-03
1.297369043209490496e-03
1.073758040144784593e-03
8.451461179883424735e-04
6.203365881169130031e-04
4.053211042324098576e-04
1.594610834280812397e-04
-1.072291830261196230e-04
-3.857980404227877519e-04
-7.612558755649238016e-04
-1.236503018229020198e-03
-1.710798980775958848e-03
-2.227015166471807851e-03
-2.796444791871552631e-03
-3.429859788743523565e-03
-4.153485057957729924e-03
-4.927868640172412655e-03
-5.829945244515719743e-03
-7.026322930992006353e-03
-8.776133668136062299e-03
-1.094276693794258432e-02
-1.330922779056399954e-02
-1.575864493712565359e-02
-1.759428805213335972e-02
-1.828532049964620015e-02
-1.812550869917557012e-02
-1.752063351295499519e-02
-1.643003991880081019e-02
-1.462498448155606125e-02
-1.247883596395383231e-02
-1.108627712528380271e-02
-1.061004774669967524e-02
-1.064556296659098164e-02
-1.107515954204177713e-02
-1.184458628387995496e-02
-1.301967752330782102e-02
-1.489950585235098358e-02
-1.744539701405700347e-02
-1.997700152157836154e-02
-2.206115200642727939e-02
-2.264961569310079345e-02
-2.080547871376981633e-02
-1.672663005230873648e-02
-1.052187724060678863e-02
-2.400797815068531852e-03
7.180001474709813217e-03
1.698139036030898302e-02
2.687736085099765720e-02
3.571351205011867591e-02
4.211863276523090255e-02
4.506124548395681884e-02
4.502412606289494384e-02
4.147559986461782366e-02
3.518015387290644030e-02
2.782081805477999367e-02
2.149517711097870265e-02
1.762153448861524668e-02
1.348010193689033742e-02
7.582954186583956875e-03
1.161587533679636674e-03
-5.118302834178044269e-03
-1.044880684648661663e-02
-1.294840339721008496e-02
-1.465131748378105912e-02
-1.645018050487305136e-02
-1.720827109815937714e-02
-1.728000362722819164e-02
-1.679317033336921727e-02
-1.487143258124395268e-02
-1.228937929578397328e-02
