3.999270398389492073e-10
3.999270398389492073e-10
5.201288227086449553e-10
1.015656858886292893e-08
1.288167466107515844e-07
4.662991708374033724e-06
5.844868918603330228e-05
2.931919748930475749e-04
9.354454981558551346e-04
2.219959183799807920e-03
4.187195734693961377e-03
6.704643300538912914e-03
8.991916683245115838e-03
1.285081357525859856e-02
1.564780383446746567e-02
1.913632354083192808e-02
2.291887126587662318e-02
2.688142356787518936e-02
3.097609913736241311e-02
3.517607613349408441e-02
3.946357824056803687e-02
4.382562178561009297e-02
4.825221193152538085e-02
5.273537365656513071e-02
5.726855718827570524e-02
6.184629079561613368e-02
6.646394523276842603e-02
7.111756644984944253e-02
7.580374116589616573e-02
8.051950181029118858e-02
8.526219916134439303e-02
9.002946529699097644e-02
9.481919383730276485e-02
9.962950131497612383e-02
1.044586866609450160e-01
1.093052157648411876e-01
1.141676609654190683e-01
1.190446517756106326e-01
1.239349452050475670e-01
1.288373620101776751e-01
1.337508212740701474e-01
1.386743718548408555e-01
1.436069393130113003e-01
1.485473526040114733e-01
1.534943261896120903e-01
1.584466257421107693e-01
1.634029762261887397e-01
1.683619834981602004e-01
1.733221263576974758e-01
1.782816187742291558e-01
1.832388932324320319e-01
1.881925158959494859e-01
1.931409740627818838e-01
1.980826828435932607e-01
2.030162656763978279e-01
2.079399208947212974e-01
2.128519357266572820e-01
2.177515857597074889e-01
2.226386426145670894e-01
2.275128511004103626e-01
2.323733389264102389e-01
2.372192635111349535e-01
2.420494319165095998e-01
2.468629016428620093e-01
2.516586817212586591e-01
2.564352083920347636e-01
2.611908910064248968e-01
2.659239581089806181e-01
2.706315992338357845e-01
2.753105479339541528e-01
2.799570967130809440e-01
2.845664626101432337e-01
2.891347712110762247e-01
2.936574001098355979e-01
2.981284435375806119e-01
3.025429643542356661e-01
3.068964976391549970e-01
3.111838825942648823e-01
3.153995723092761772e-01
3.195386876599171644e-01
3.235956013317285995e-01
3.275630686191757790e-01
3.314324794932455576e-01
3.351962869524695021e-01
3.388482427178217127e-01
3.423826354781817072e-01
3.457956725123463859e-01
3.490855321460208938e-01
3.522538440575588292e-01
3.553032157574571026e-01
3.582362585691684642e-01
3.610560749513384016e-01
3.637646970487870557e-01
3.663623880664706456e-01
3.688491023406881286e-01
3.712235797862630249e-01
3.734835585044307682e-01
3.756267603276320921e-01
3.776520094829877716e-01
3.795581416208715919e-01
