5.509657942555368226e-14
1.097474568905257297e-13
-6.092614248423252124e-09
1.187166739325621473e-07
6.369788912234197829e-06
2.179228640962699651e-05
-7.046579893858019366e-05
-2.389165176294207591e-04
-5.674201432499719009e-04
-8.536699713275925109e-04
-9.912554980380607929e-04
-1.397268065518263462e-03
-1.884150461685210479e-03
-2.160121143664911654e-03
-2.099363695041689491e-03
3.089341150527319998e-03
5.036026739021103732e-03
6.513501155589292851e-03
7.661453633881298506e-03
8.410483552481841374e-03
8.819343678360770655e-03
8.995874608502003184e-03
9.036604504462232568e-03
9.003709258427056161e-03
8.926940062619070915e-03
8.815139620345033636e-03
8.667562917559708952e-03
8.481937490226205273e-03
8.259878809706404368e-03
8.004420318874792828e-03
7.708236396101993473e-03
7.317857187713926528e-03
6.671512001440292432e-03
5.794260518021268104e-03
5.118674551783496639e-03
4.589363046430559867e-03
3.729493821509197865e-03
2.303274541997448344e-03
7.180260433685574156e-04
-7.886109164778321284e-04
-2.340303012168215829e-03
-4.083170752618381361e-03
-5.997376970533286125e-03
-7.743897987421746384e-03
-9.132426354059820436e-03
-9.678132038328107062e-03
-9.134082083703845903e-03
-7.783894379524412301e-03
-5.868116355319332594e-03
-4.022910554963442589e-03
-2.484301605389699699e-03
-9.630876491150849828e-04
9.403397165850557217e-04
3.547773369593889940e-03
6.272119253907988863e-03
7.859560540384481764e-03
8.077328515607409137e-03
7.393968286364853600e-03
6.461525857400296675e-03
6.508366800925289436e-03
7.144147992338522116e-03
6.097838466540944288e-03
1.508825161907059471e-03
-5.821315512609682649e-03
-1.157154077342587711e-02
-1.396268262748081961e-02
-1.296140311998266945e-02
-1.117725296963682780e-02
-1.084151809333857089e-02
-1.211626300842037589e-02
-1.469019216303325825e-02
-1.835734762533760070e-02
-2.207805545014385543e-02
-2.637913481297407201e-02
-3.206695620233387944e-02
-3.902078069775719721e-02
-4.635669376849935880e-02
-5.314533858590519966e-02
-5.927462677903585359e-02
-6.313179150947827167e-02
-6.353846404989174634e-02
-6.056318987422251721e-02
-5.545823846532865059e-02
-4.812012856958267082e-02
-3.954999333658914401e-02
-3.029648497102629262e-02
-2.194143985520071588e-02
-1.364353711295400971e-02
-5.018364852075207251e-03
2.141843091547445017e-03
5.624162888903454574e-03
4.365085083621883175e-03
-5.925320103169488990e-04
-5.972366639960750845e-03
-9.708780177980538481e-03
-1.152003639294436714e-02
-1.262387927144068001e-02
-1.382284338540361660e-02
-1.402954500739444013e-02
-1.327155055726046869e-02
