0.000000000000000000e+00
4.445696782503230082e+00
8.891393565006474375e+00
1.333709034750940603e+01
1.778195256996635365e+01
2.219665338150480238e+01
2.652916545812269078e+01
3.074421066420356041e+01
3.478866118741160562e+01
3.899822636479996874e+01
4.284476833916259864e+01
4.641713492737910940e+01
4.969810457575637486e+01
5.264321412890853935e+01
5.522496264905788621e+01
5.745156520547777035e+01
5.935931247276462130e+01
6.099650700484401256e+01
6.241234043288429234e+01
6.365084642531574133e+01
6.474829607631788519e+01
6.573312756659667855e+01
6.662718463369503752e+01
6.744724025639263232e+01
6.820629422416588739e+01
6.891451627208593322e+01
6.958011872582484614e+01
7.021059193410275157e+01
7.081343996082701153e+01
7.139528421365167787e+01
7.196120809927089113e+01
7.251523499847142773e+01
7.305893084109180791e+01
7.359160614914317478e+01
7.411256726889712354e+01
7.462139520535113490e+01
7.511866879206725400e+01
7.560613004719580488e+01
7.608478466165887255e+01
7.655505891001165253e+01
7.701781094640779202e+01
7.747438751387288391e+01
7.792623153796181157e+01
7.837436882498735713e+01
7.881941505699570882e+01
7.926197011283261418e+01
7.970259077162555172e+01
8.014206230676977327e+01
8.058156111687426915e+01
8.102242448207238112e+01
8.146533200545232489e+01
8.191009819603397091e+01
8.235700435432163147e+01
8.280654253560444999e+01
8.325886961278898468e+01
8.371448591306010201e+01
8.417350919437247114e+01
8.463609769023032925e+01
8.510274886683487239e+01
8.557391220323788161e+01
8.605039179506259472e+01
8.653280817394464464e+01
8.702137472959329045e+01
8.751663384681410207e+01
8.801895220641826256e+01
8.852832712798819159e+01
8.904477811967710466e+01
8.956818836561268427e+01
9.009863384303162093e+01
9.063622235708358232e+01
9.118159480438288256e+01
9.173535974472122234e+01
9.229816640768312652e+01
9.287085760045604843e+01
9.345416915501834865e+01
9.404894745006077983e+01
9.465618024676665243e+01
9.527715037827134381e+01
9.591314487262009436e+01
9.656531320794152862e+01
9.723437898154499237e+01
9.792073020930529026e+01
9.862495572011323475e+01
9.934819059601562685e+01
1.000921438361767599e+02
1.008582390873931303e+02
1.016474495244012672e+02
1.024614060233890740e+02
1.033024586493334738e+02
1.041731938992776065e+02
1.050764160670850771e+02
1.060153780497028180e+02
1.069942798489347666e+02
1.080173255023646419e+02
1.090880446199897307e+02
1.102094143959847230e+02
1.113844958885059100e+02
1.126162560848833607e+02
1.139071240657760598e+02
1.152588083368926135e+02
1.166723810046376144e+02
