0.000000000000000000e+00
0.000000000000000000e+00
0.000000000000000000e+00
0.000000000000000000e+00
4.519657373698296966e-09
2.117426666653134881e-07
1.060976892995958826e-06
3.034100537384985401e-06
6.935975618272757765e-06
1.168579287648724129e-05
1.980667881910973816e-05
3.160861459342267617e-05
4.794859103548372028e-05
6.991084578872201803e-05
9.832632554343887909e-05
1.335348332711098400e-04
1.754254920514385432e-04
2.235934491482897534e-04
2.774692902625737652e-04
3.364081965071307801e-04
3.997612821023158961e-04
4.669256662648125058e-04
5.373687976946182410e-04
6.106334350330277962e-04
6.863323222352157253e-04
7.641398517317548374e-04
8.437818928272613865e-04
9.250170958272292731e-04
1.007628806222607767e-03
1.091442717199052077e-03
1.176311152588045694e-03
1.262111597280351919e-03
1.348773119631695551e-03
1.436235368539453845e-03
1.524437612666424118e-03
1.613332468709697230e-03
1.702869318843754001e-03
1.792995640729122672e-03
1.883668252450839764e-03
1.974850267762969999e-03
2.066501702893811399e-03
2.158585029965672929e-03
2.251072057804538729e-03
2.343945061967089502e-03
2.437182822879152815e-03
2.530760893090036340e-03
2.624660207276626432e-03
2.718862519924202924e-03
2.813351886227839337e-03
2.908109166315889747e-03
3.003114683042191254e-03
3.098365184490207026e-03
3.193847428338198770e-03
3.289547327810790536e-03
3.385465169918481457e-03
3.481599988250775636e-03
3.577950362413989324e-03
3.674516266426319441e-03
3.771294295515124646e-03
3.868277911087729393e-03
3.965457171251827312e-03
4.062832340938677192e-03
4.160404972850475017e-03
4.258170932074770154e-03
4.356126186837664359e-03
4.454271190194460106e-03
4.552607176930312596e-03
4.651132034573551149e-03
4.749833289234737903e-03
4.848697311493333634e-03
4.947715070067060759e-03
5.046883243080917646e-03
5.146197956519902271e-03
5.245654523249512063e-03
5.345249342087320110e-03
5.444971669675053964e-03
5.544812881233250959e-03
5.644759555626673204e-03
5.744797153823868845e-03
5.844915225827290901e-03
5.945106605444936722e-03
6.045361859831734422e-03
6.145668533151679019e-03
6.246003636454560033e-03
6.346332746829995083e-03
6.446622340763688910e-03
6.546843437450416275e-03
6.646955775911100525e-03
6.746899563757806709e-03
6.846607485512808122e-03
6.946015493342024179e-03
7.045058312138795589e-03
7.143648644058835616e-03
7.241681515452237997e-03
7.339057912304151887e-03
7.435690904674518466e-03
7.531499617584826688e-03
7.626407364829296959e-03
7.720348700327035220e-03
7.813269247313167631e-03
7.905123404274839310e-03
