0.000000000000000000e+00
3.987571127933726696e-10
3.987571127933726696e-10
3.987571127933726696e-10
1.678496533478011475e-07
6.652620666107740742e-06
3.236228606844862593e-05
9.238596333572503727e-05
2.107956148330177536e-04
3.551081773637265997e-04
6.025076655321470352e-04
9.644038812103869571e-04
1.469793081649180743e-03
2.153673404660352148e-03
3.042791984276424673e-03
4.149932107430651454e-03
5.474610800829133456e-03
7.006484032061215984e-03
8.728808231132367812e-03
1.062155402306235071e-02
1.266404292892408731e-02
1.483674952063235471e-02
1.712221624317189148e-02
1.950531526801708992e-02
2.197314067559224399e-02
2.451477679036893551e-02
2.712098330166708496e-02
2.978363750902231905e-02
3.249561935321022832e-02
3.525129753337180594e-02
3.804590039044140892e-02
4.087564239960855828e-02
4.373822111660580214e-02
4.663146700906486974e-02
4.955306585346324483e-02
5.250117846646305819e-02
5.547376633648787997e-02
5.846880934941525720e-02
6.148466301526431255e-02
6.451982507279074852e-02
6.757272082152511461e-02
7.064191057067580048e-02
7.372624792700943619e-02
7.682494455241990761e-02
7.993708621067553699e-02
8.306169541323978056e-02
8.619797921915356431e-02
8.934523440702445141e-02
9.250270990840063490e-02
9.566951339725505987e-02
9.884489191948402087e-02
1.020285413152504650e-01
1.052199218385936191e-01
1.084185127005866112e-01
1.116242493742580638e-01
1.148369079071574206e-01
1.180562783571037500e-01
1.212822057331465336e-01
1.245143615717465430e-01
1.277522101982604963e-01
1.309951635086072097e-01
1.342428983203164672e-01
1.374951223944116119e-01
1.407514060603753947e-01
1.440113633809493032e-01
1.472747596468880760e-01
1.505413500684462946e-01
1.538107190479373887e-01
1.570820943998502417e-01
1.603546379992667748e-01
1.636276899697587661e-01
1.669009748981213070e-01
1.701741611052348668e-01
1.734468989370562264e-01
1.767187281344850536e-01
1.799890300865000514e-01
1.832572404556675194e-01
1.865226746061200980e-01
1.897845742351547960e-01
1.930423550683534606e-01
1.962955307594809184e-01
1.995435243687793403e-01
2.027856403866453716e-01
2.060208929079410944e-01
2.092479323605120345e-01
2.124654806019692088e-01
2.156723263938244428e-01
2.188668215621004665e-01
2.220467346867307512e-01
2.252097346049582172e-01
2.283536676889653394e-01
2.314763694521433102e-01
2.345750631384384000e-01
2.376466988432645866e-01
2.406885140845626825e-01
2.436981649449464216e-01
2.466734361554260846e-01
2.496124773148234999e-01
2.525137981109947249e-01
2.553763326975003189e-01
2.581993308403503495e-01
