0.000000000000000000e+00
2.432662969491532934e+00
4.865325938983064979e+00
7.297988908474737357e+00
9.730651877966128183e+00
1.216331484745770197e+01
1.459597781669269523e+01
1.702862897042761148e+01
1.946095327893954874e+01
2.189078454859755496e+01
2.431116177144494017e+01
2.670926036952185001e+01
2.907071084981642173e+01
3.138505763445961350e+01
3.364566601091750897e+01
3.584813313143951063e+01
3.798916649041741067e+01
4.006548420187107951e+01
4.207387410012765372e+01
4.425372371918610526e+01
4.620551511574614523e+01
4.804976723525756910e+01
4.980992763152068648e+01
5.149103739584815997e+01
5.309442499044595820e+01
5.462101339623023932e+01
5.607207038028990809e+01
5.744935378289629568e+01
5.875510043777131131e+01
5.999196582354179696e+01
6.116294983033290578e+01
6.227137720271410615e+01
6.332086247937503032e+01
6.431517600377620170e+01
6.525809456657978558e+01
6.615330702332546764e+01
6.700435797577445385e+01
6.781460558938832150e+01
6.858719229622347768e+01
6.932503355390544186e+01
7.003082368838224170e+01
7.070704980909530946e+01
7.135600383939251401e+01
7.197979037166673777e+01
7.258033396117937741e+01
7.315938898293801174e+01
7.371855162530779637e+01
7.425927444498242380e+01
7.478288579748888765e+01
7.529062026080396208e+01
7.578365572065557387e+01
7.626307926993396791e+01
7.672976248836936009e+01
7.718446777027961048e+01
7.762803811856250036e+01
7.806135118270951523e+01
7.848525541962452223e+01
7.890046776999024303e+01
7.930765481038957887e+01
7.970761331841495689e+01
8.010127614872084223e+01
8.048943075499099109e+01
8.087240509973715064e+01
8.125024270677137395e+01
8.162312510773556085e+01
8.199142182632718345e+01
8.235566478303637439e+01
8.271640441126656640e+01
8.307395679586088022e+01
8.342855001539582815e+01
8.378046504921145754e+01
8.412995683279181947e+01
8.447726213453525190e+01
8.482267027007657134e+01
8.516655229407444949e+01
8.550932189501686764e+01
8.585126841128713693e+01
8.619262559665625645e+01
8.653368744551248426e+01
8.687465928537224613e+01
8.721562494083246975e+01
8.755667098379542779e+01
8.789782748090432563e+01
8.823906913165974686e+01
8.858046531044911376e+01
8.892200821363607588e+01
8.926363361288045439e+01
8.960540472150870528e+01
8.994740322562995516e+01
9.028971479068019335e+01
9.063239035116329489e+01
9.097540286813338639e+01
9.131888138338203476e+01
9.166307527847123993e+01
9.200826461832612324e+01
9.235465160710803900e+01
9.270223000065313101e+01
9.305094464066826276e+01
9.340076733652090013e+01
9.375160753900412658e+01
9.410323687553098182e+01
