0.000000000000000000e+00
3.913268465036073407e-10
3.913268465036073407e-10
3.913268465036073407e-10
3.913268465036073407e-10
3.913268465036073407e-10
3.913838241095099572e-10
3.038078258420507741e-09
8.401400655131350494e-08
8.166437387213464856e-07
4.235136526605803948e-06
1.447879889443356545e-05
3.670401706495384007e-05
7.528769318030873868e-05
1.337119997721351774e-04
2.149391041764194541e-04
3.217418004294022378e-04
4.571266630757362184e-04
6.242437361550053554e-04
7.838228901185705306e-04
1.002742694934558943e-03
1.265757654736813327e-03
1.571370844414865606e-03
1.920910440852347098e-03
2.316153253591146394e-03
2.758654421390101339e-03
3.249559806786823934e-03
3.789564436960838213e-03
4.378910105016257590e-03
5.017403117595821242e-03
5.704451500855759784e-03
6.439073640688817990e-03
7.219900119447359571e-03
8.045235456010440753e-03
8.913161640998916446e-03
9.821631764954846799e-03
1.076854013771435387e-02
1.175177728373840227e-02
1.276927327844342916e-02
1.381902707092478970e-02
1.489912124944153642e-02
1.600772707435301270e-02
1.714310724253870211e-02
1.830362039748278588e-02
1.948772644131310794e-02
2.069398988440109693e-02
2.192108022647302340e-02
2.316776901510845046e-02
2.443292258018615187e-02
2.571548811036195731e-02
2.701448151096501327e-02
2.832901324470833704e-02
2.965830479882534607e-02
3.100156889659250875e-02
3.235805474299841694e-02
3.372703297790633631e-02
3.510785072940312418e-02
3.649991411761896454e-02
3.790264136174886778e-02
3.931541711521299720e-02
4.073766256606383557e-02
4.216893120030414804e-02
4.360897344080093968e-02
4.505750466990704473e-02
4.651416415608117944e-02
4.797857267579205831e-02
4.945032164849206407e-02
5.092908729453626132e-02
5.241465482549265142e-02
5.390675829256814239e-02
5.540516249601829674e-02
5.690965811980989997e-02
5.842002720786276804e-02
5.993602963376517406e-02
6.145742707601248300e-02
6.298401591636321184e-02
6.451568948334868159e-02
6.605230428223075878e-02
6.759370265960368274e-02
6.913981977377181565e-02
7.069058638285044549e-02
7.224589269022424487e-02
7.380568671897243249e-02
7.536991749385234252e-02
7.693847695152396249e-02
7.851135830342996502e-02
8.008851906891958916e-02
8.166985219050861000e-02
8.325530061260325021e-02
8.484477752409952389e-02
8.643822498814517086e-02
8.803560076756426767e-02
8.963675412887987803e-02
9.124156962420877648e-02
9.284992891855629871e-02
9.446175398743104912e-02
9.607703520858146273e-02
9.769570684721766429e-02
9.931770737619616263e-02
1.009430309005598519e-01
1.025717150828922841e-01
