0.000000000000000000e+00
3.185950106705283391e-15
6.064366267185053450e-15
9.740163997616971270e-15
2.825394977386871259e-10
-1.694163191289286110e-08
-8.300384893290509766e-07
2.922866673230750537e-07
1.153525500456179561e-05
1.547398662424179759e-05
4.464145678046587719e-06
-1.199832119946495025e-05
-3.297268543039830722e-05
-6.715196593902166152e-05
-8.741491117396726451e-05
-6.083252514299189321e-05
-3.737379528076278977e-06
5.766636073320376523e-05
1.043787647302474384e-04
1.237943105925876064e-04
1.110737929492007384e-04
5.007827083733738111e-04
3.180262675930342186e-04
9.932979028146141651e-05
-1.519964021523248412e-04
-4.393122205560963064e-04
-7.521502365162683083e-04
-1.074488263872677577e-03
-1.395470903186597561e-03
-1.714026154152394630e-03
-2.035930616742461820e-03
-2.368051338500739081e-03
-2.715370316723255632e-03
-3.081119156133569834e-03
-3.458112401626647469e-03
-3.824804902996181959e-03
-4.184281208895114512e-03
-4.537273053747427169e-03
-4.886744032389814946e-03
-5.233188256630028588e-03
-5.560072009911000077e-03
-5.857670739864756851e-03
-6.104690308329828105e-03
-6.261097307303060792e-03
-6.390181760610683798e-03
-6.790457914116868748e-03
-7.661642515884598686e-03
-9.067743452814757549e-03
-1.077059949608185664e-02
-1.249539849368398910e-02
-1.378530062525830206e-02
-1.436005421029432592e-02
-1.439605962812841138e-02
-1.429088522426255961e-02
-1.436719863836148289e-02
-1.462048529302431565e-02
-1.498032006907018890e-02
-1.538544439014680361e-02
-1.559394191540504869e-02
-1.543817424465550835e-02
-1.493146703950507838e-02
-1.409858262092526272e-02
-1.292044780629105806e-02
-1.146207528046657223e-02
-9.839152444768087258e-03
-8.213833155490048166e-03
-6.779365774370254422e-03
-5.825251396182292742e-03
-5.216586001676621134e-03
-4.486375800523163294e-03
-3.765440407172482035e-03
-3.257925313630728650e-03
-3.261542194547665825e-03
-3.527928780249157438e-03
-3.947443817656380236e-03
-4.394186626808081579e-03
-4.761343373319931738e-03
-5.000282193440595130e-03
-5.042327576766383879e-03
-4.840815863144849046e-03
-4.291280672961217749e-03
-3.362487460357145574e-03
-2.118451428086941257e-03
-5.293112291451577923e-04
1.496081914805444304e-03
3.870858171452949519e-03
6.313320164316368541e-03
8.630972414159686357e-03
1.081542153544832845e-02
1.283498351303181614e-02
1.453778430195397375e-02
1.556872530112199567e-02
1.593112748650495417e-02
1.576480975956121369e-02
1.535586565465405992e-02
1.495732366474335565e-02
1.457309765365491158e-02
1.410144176860445367e-02
1.352945514654007621e-02
1.285668878795028121e-02
1.229833787891557173e-02
