0.000000000000000000e+00
3.951643079128587852e-10
3.951643079128587852e-10
3.951643079128587852e-10
1.117330857716801114e-08
3.464332954833565992e-07
1.632863966752485447e-06
6.333247305229258527e-06
2.035761350837330012e-05
5.137446142801084482e-05
1.153803382582004175e-04
2.402841636439583613e-04
4.648391898527626741e-04
8.391731578627343018e-04
1.412702366415353626e-03
2.207518671394322844e-03
3.209802575959493087e-03
4.385822257734815419e-03
5.701028321519656730e-03
7.127882840272259206e-03
8.645968103552708478e-03
9.801942374949463091e-03
1.127773099197978621e-02
1.290794714793789058e-02
1.463829960683165655e-02
1.644386601815258503e-02
1.831022934973659463e-02
2.022772463444470759e-02
2.218926074547272059e-02
2.418934591627412353e-02
2.622358918673931352e-02
2.828840723130358545e-02
3.038082510931474495e-02
3.249838529980619839e-02
3.463910321028133843e-02
3.680129321900231509e-02
3.898343039660415871e-02
4.118410226768037113e-02
4.340205836328080852e-02
4.563617869751773748e-02
4.788534691731311660e-02
5.014841652042295594e-02
5.242411569743304911e-02
5.471111449065515359e-02
5.700830445081557507e-02
5.931433259411535847e-02
6.162756468923719089e-02
6.394633081852696410e-02
6.627041864416290118e-02
6.860087703194650555e-02
7.093993802855949604e-02
7.329127163407224421e-02
7.565801459430275544e-02
7.804248031749524972e-02
8.044645425051108467e-02
8.287138941354187105e-02
8.531771962480189098e-02
8.778459287800473299e-02
9.027005048931358022e-02
9.277216441443883466e-02
9.528947258337457094e-02
9.782054755544369873e-02
1.003637134192512381e-01
1.029175960564175235e-01
1.054810302706290920e-01
1.080528251639906734e-01
1.106317207140746217e-01
1.132162955072759658e-01
1.158051725707083396e-01
1.183974482223491970e-01
1.209921089141351019e-01
1.235888366391687254e-01
1.261876631631115020e-01
1.287883153994166252e-01
1.313901997298334290e-01
1.339926549912357212e-01
1.365955213875363339e-01
1.391986038154927607e-01
1.418016605387981133e-01
1.444043995630226174e-01
1.470063017386298021e-01
1.496067124277038751e-01
1.522050725832791163e-01
1.548006472987591697e-01
1.573921333505495790e-01
1.599780533346531197e-01
1.625568840306239882e-01
1.651268751100777588e-01
1.676866768928501894e-01
1.702355204959059842e-01
1.727727909857935396e-01
1.752980251012064283e-01
1.778105314545019300e-01
1.803093672654965118e-01
1.827936678210771160e-01
1.852627559680408431e-01
1.877155812137435431e-01
1.901509390908429076e-01
1.925678281843196116e-01
1.949654012267769132e-01
1.973428843108631370e-01
