0.000000000000000000e+00
1.074927785687571857e+00
2.149855571375145491e+00
3.224783357062836142e+00
4.299711142750289206e+00
5.374638928437945218e+00
6.449566714125674949e+00
7.524494474089013174e+00
8.599421763119115880e+00
9.674348070716916936e+00
1.074927530665529929e+01
1.182419959115015295e+01
1.289911846895455838e+01
1.397402705508630838e+01
1.504890944969981703e+01
1.612365706874010129e+01
1.719774692808829997e+01
1.826963735091153751e+01
1.933617758395244479e+01
2.039233649087021760e+01
2.143137371438698935e+01
2.244539533592971381e+01
2.342605746650228937e+01
2.436525019327083896e+01
2.525586154345874945e+01
2.609264136619391650e+01
2.687283970520548593e+01
2.759628738931044722e+01
2.826494700547356231e+01
2.888222161151258049e+01
2.945228804111725651e+01
2.997959617055479242e+01
3.046854430094268551e+01
3.092328498242848767e+01
3.134762195015127162e+01
3.174497000242851641e+01
3.211835384522142789e+01
3.247042837141384553e+01
3.280351077990439990e+01
3.311961818040165184e+01
3.342050347566036805e+01
3.370768645747780567e+01
3.398249003806974144e+01
3.424607298749037909e+01
3.449945004707110030e+01
3.474351255297287366e+01
3.497904634644358168e+01
3.520674648849279720e+01
3.542722919554816485e+01
3.564104302703422888e+01
3.584867975325066425e+01
3.605058161724733878e+01
3.624714702212331474e+01
3.643873733273104421e+01
3.662568106347543306e+01
3.680827682051392458e+01
3.698679679656299868e+01
3.716148960593351802e+01
3.733258342755375025e+01
3.750028751850606312e+01
3.766479066250746399e+01
3.782626815599155634e+01
3.798488413919000095e+01
3.814079101250981552e+01
3.829413025413403204e+01
3.844503341943914876e+01
3.859362291821064872e+01
3.874001306606345452e+01
3.888431121218504671e+01
3.902661835957601966e+01
3.916702965343592524e+01
3.930563480459385062e+01
3.944251812703927840e+01
3.957775882232793663e+01
3.971143180016284902e+01
3.984360821838690470e+01
3.997435571863783110e+01
4.010373869812161018e+01
4.023181866752294411e+01
4.035865368466702563e+01
4.048429874244737903e+01
4.060880635662292804e+01
4.073222710918167166e+01
4.085460971542401865e+01
4.097600135447873271e+01
4.109644799635799473e+01
4.121599464311747596e+01
4.133468434993928753e+01
4.145255806714203572e+01
4.156965552319646662e+01
4.168601546728571350e+01
4.180167609672843554e+01
4.191667438587707295e+01
4.203104583077031009e+01
4.214482588384981909e+01
4.225805031335583806e+01
4.237075457787869226e+01
4.248297413225981956e+01
4.259474570960408357e+01
4.270610805340223948e+01
4.281710231307256009e+01
