0.000000000000000000e+00
1.999376237366774773e-10
1.999376237366774773e-10
1.999376237366774773e-10
1.999376237366774773e-10
1.999376237366774773e-10
1.999376237366774773e-10
2.057612291880604953e-10
3.189612701864989061e-10
6.609017251534585416e-10
1.311212021339525496e-09
3.267590767931123062e-09
7.881069628582523208e-09
1.703796626313783183e-08
4.057330249913948158e-08
1.616535167927494023e-07
7.586809353664259418e-07
2.841130673938063138e-06
8.360322208581628207e-06
2.042436802127886654e-05
4.327938180398021315e-05
8.201682118947269963e-05
1.421632242573358737e-04
2.292729767170170621e-04
3.484389962504973138e-04
5.037144467216388968e-04
6.976491013137118159e-04
9.311384408363171860e-04
1.203607779733038754e-03
1.513396792857889337e-03
1.858177889447483249e-03
2.235294022563881836e-03
2.641990966293782279e-03
3.075569154863012390e-03
3.533478037021533461e-03
4.013366387318906096e-03
4.513101818681547299e-03
5.030771887629732590e-03
5.564674263487417137e-03
6.113301142330302730e-03
6.675323075615868969e-03
7.249566866371763216e-03
7.834993532821953391e-03
8.430685120141376276e-03
9.035828467587495721e-03
9.649701560967288358e-03
1.027166186713611255e-02
1.090113631014434301e-02
1.153761202704823262e-02
1.218062798010577895e-02
1.282976763767133127e-02
1.348465433625447955e-02
1.414494597681617040e-02
1.481032986091722174e-02
1.548052003229732909e-02
1.615525444623543833e-02
1.683429256140816024e-02
1.751741334449862311e-02
1.820441300500388881e-02
1.889510431186672626e-02
1.958931368860331729e-02
2.028687952094478456e-02
2.098765123364190396e-02
2.169148889019409734e-02
2.239826213354826137e-02
2.310784956250102468e-02
2.382013724936222696e-02
2.453501801828974691e-02
2.525239096906235076e-02
2.597216098804294715e-02
2.669423828689176242e-02
2.741853802428523626e-02
2.814498024619660130e-02
2.887348953822516107e-02
2.960399428063697352e-02
3.033642634970536850e-02
3.107072104256334427e-02
3.180681684476447529e-02
3.254465511374163289e-02
3.328418041320883869e-02
3.402534025345198276e-02
3.476808441790336934e-02
3.551236458262858192e-02
3.625813436071161772e-02
3.700534904846037448e-02
3.775396547882702708e-02
3.850394197487604087e-02
3.925523909095183367e-02
4.000781933016209213e-02
4.076164675423789990e-02
4.151668621830514189e-02
4.227290333467374761e-02
4.303026563027927132e-02
4.378874224135471949e-02
4.454830238189831648e-02
4.530891583125257194e-02
4.607055351577529767e-02
4.683318688083123321e-02
4.759678722320569849e-02
4.836132553409573653e-02
4.912677232855912346e-02
