-1.542241901938700181e-04
-3.084483803877399819e-04
-4.626725705816099729e-04
-6.168967607767480467e-04
-7.711209401134397085e-04
-9.253447776120223359e-04
-1.079570513600416719e-03
-1.233832454455566089e-03
-1.388220760928423041e-03
-1.542835047580602865e-03
-1.697923067586035563e-03
-1.853965408510852919e-03
-2.011404729514495743e-03
-2.165560883851398721e-03
-2.323341503924467727e-03
-2.482688887625474679e-03
-2.643097636881229680e-03
-2.804288003470154118e-03
-2.966073564298446139e-03
-3.128327159683129757e-03
-3.290968456175170573e-03
-3.453949599772917958e-03
-3.617239452681101763e-03
-3.780813565271482889e-03
-3.944651154659190376e-03
-4.108734538469042963e-03
-4.273048846082912709e-03
-4.437581680842901492e-03
-4.602322404871360233e-03
-4.767261755016934457e-03
-4.932391973663893814e-03
-5.097705872601852872e-03
-5.263196343208462885e-03
-5.428855390648663383e-03
-5.594673589972161930e-03
-5.760640073418673082e-03
-5.926743080188019361e-03
-6.092970458412561019e-03
-6.259309292244310576e-03
-6.425747028224564061e-03
-6.592272285011271243e-03
-6.758874636234879670e-03
-6.925544994081348979e-03
-7.092275399010778726e-03
-7.259058551232167207e-03
-7.425887671179224984e-03
-7.592756642805504989e-03
-7.759660904747766111e-03
-7.926596759247818424e-03
-8.093560375898943560e-03
-8.260547778378351386e-03
-8.427555776582556710e-03
-8.594580651494808723e-03
-8.761617646379452756e-03
-8.928662203168064374e-03
-9.095710751363573696e-03
-9.262760391383491679e-03
-9.429809347877642425e-03
-9.596856567068705324e-03
-9.763894212349553264e-03
-9.930906559472927816e-03
-1.009787901148719025e-02
-1.026480114243849724e-02
-1.043166723021963713e-02
-1.059846998850302348e-02
-1.076520343142430003e-02
-1.093186321334842746e-02
-1.109844339274989287e-02
-1.126494396453568171e-02
-1.143137444659804783e-02
-1.159774816339515825e-02
-1.176407120890767682e-02
-1.193034288491168562e-02
-1.209656201769650913e-02
-1.226273129102689596e-02
-1.242884882732733266e-02
-1.259490212937528636e-02
-1.276088103758166344e-02
-1.292677852096967180e-02
-1.309258095884487452e-02
-1.325827938256461669e-02
-1.342387552600911478e-02
-1.358937574474011062e-02
-1.375479617598472648e-02
-1.392015564812969924e-02
-1.408547217153682113e-02
-1.425075523550024467e-02
-1.441599993429062455e-02
-1.458119512799382206e-02
-1.474632812136586826e-02
-1.491139000713600539e-02
-1.507637123309599723e-02
-1.524126233169731219e-02
-1.540606032370754261e-02
-1.557076464846679151e-02
-1.573536923336175605e-02
-1.589986091437818952e-02
-1.606422973766604215e-02
-1.622847911564748516e-02
-1.639262607810116484e-02
