-3.660579936501547060e-17
7.590431646935236198e-17
2.075224368025931423e-16
-1.810769035190114111e-15
1.416017637590577630e-10
9.329310597740179728e-08
5.904666377489940677e-07
1.356199271671715672e-05
1.403208621307754187e-04
4.103946843976710918e-04
9.658561766003526854e-04
2.141487623227130137e-03
3.666896698082295313e-03
5.819836355216086998e-01
8.312613441014494731e-01
1.003024039609229590e+00
1.136214836204117340e+00
1.243205301323062617e+00
1.330904294164861446e+00
1.404043254001287711e+00
1.466035037168185839e+00
1.519369298385464528e+00
1.565874682866609469e+00
1.606909290881824104e+00
1.643516560668792703e+00
1.676508169064163667e+00
1.706513195108448455e+00
1.734009954128458375e+00
1.759355281109607594e+00
1.782819644148570859e+00
1.804621532566182518e+00
1.824942893253890919e+00
1.843937836997834756e+00
1.861737047996441019e+00
1.878450348180044971e+00
1.894164963121651502e+00
1.908973465382305168e+00
1.922968926654376132e+00
1.936200421375188441e+00
1.948739708651047176e+00
1.960638345894045509e+00
1.971929990694219814e+00
1.982658981313110136e+00
1.992834878172942359e+00
2.002508225276870668e+00
2.011693319044959072e+00
2.020427130835449336e+00
2.028742123533550323e+00
2.036642891502319141e+00
2.044148300492706571e+00
2.051196269553761997e+00
2.057801880226567182e+00
2.064018353815264994e+00
2.069769072483442773e+00
2.074964247760628488e+00
2.079656382177922591e+00
2.083754941542337757e+00
2.087115206843875637e+00
2.090207201117128211e+00
2.093243482810083211e+00
2.096096515781726399e+00
2.098658448320640968e+00
2.100680228876311340e+00
2.102255940516096988e+00
2.103909115807208075e+00
2.105705710058651370e+00
2.107568787587510872e+00
2.109208977379690264e+00
2.110554724983899177e+00
2.111655762223489496e+00
2.112461268874510800e+00
2.113433307154948260e+00
2.114957507056807628e+00
2.116627954783055987e+00
2.118368109325749593e+00
2.120249208364220372e+00
2.122294212719090911e+00
2.124608667368849346e+00
2.127149406180466773e+00
2.129653669579994801e+00
2.132387363087512089e+00
2.135351700211045589e+00
2.138393111756716980e+00
2.141325243757294938e+00
2.143980115827049282e+00
2.146716288709849429e+00
2.149743322168812920e+00
2.152968026025452453e+00
2.156294328917165881e+00
2.159488342983771236e+00
2.162735769269325203e+00
2.165950579830339784e+00
2.168930222697032395e+00
2.171915604856585524e+00
2.174806004289845163e+00
2.177601310479906793e+00
2.180445508599451632e+00
2.183418623200906072e+00
2.186327749018698086e+00
2.188942949985372088e+00
