3.999270398389492073e-10
3.999270398389492073e-10
3.999270398389492073e-10
4.000174517418713958e-10
9.462987061923569168e-10
2.334255183110955349e-08
3.582258888360955930e-07
6.360255140899699143e-06
4.277046722372341366e-05
1.463791821941967436e-04
3.561967260585808550e-04
7.263702019551835330e-04
1.301413240047055112e-03
1.915742837450471825e-03
2.792927551454106073e-03
3.854068701157459774e-03
5.059582828871296220e-03
6.382188433238734394e-03
7.801623993862568350e-03
9.302561747876646886e-03
1.087329165876913493e-02
1.250473370334269363e-02
1.418971573003077573e-02
1.592249835930693858e-02
1.769846627168959047e-02
1.951387723608669078e-02
2.136564359064131377e-02
2.325115616148050110e-02
2.516816298744671901e-02
2.711469369797751480e-02
2.908899440912437670e-02
3.108948783287960455e-02
3.311474399225274035e-02
3.516345521908561395e-02
3.723441294637817867e-02
3.932648307068544596e-02
4.143861175165570315e-02
4.356982871508308097e-02
4.571921559579980587e-02
4.788593607425224719e-02
5.006921666545759153e-02
5.226831836435953671e-02
5.448254039903650120e-02
5.671121070158959693e-02
5.895371626578765900e-02
6.120944263450038558e-02
6.347780811223911746e-02
6.575826665168635343e-02
6.805028465214586764e-02
7.035334795734446423e-02
7.266688923726487281e-02
7.499038614583049267e-02
7.732338321043601137e-02
7.966535319874221144e-02
8.201571212891400897e-02
8.437395631957218811e-02
8.673951454376624404e-02
8.911169568732631163e-02
9.149029137298132774e-02
9.387523825020080426e-02
9.626632711933862108e-02
9.866326445295356407e-02
1.010655464761402722e-01
1.034728048778544990e-01
1.058851720454475481e-01
1.083027550496276359e-01
1.107255572877124394e-01
1.131533089338259135e-01
1.155857658748752209e-01
1.180227559301438439e-01
1.204640217746563852e-01
1.229097157799435430e-01
1.253603238218155003e-01
1.278159003665871041e-01
1.302763634534765125e-01
1.327416776851280122e-01
1.352118868399734830e-01
1.376871292609940789e-01
1.401674671198540334e-01
1.426527283079775388e-01
1.451430617596475292e-01
1.476386175598001504e-01
1.501394227411995963e-01
1.526452850579478604e-01
1.551557977975850933e-01
1.576708947103887537e-01
1.601907551282347741e-01
1.627155147087220588e-01
1.652451844051215923e-01
1.677795031852927499e-01
1.703184378166316126e-01
1.728618874848331377e-01
1.754095425804221287e-01
1.779613861628077109e-01
1.805172648832040205e-01
1.830770049404962241e-01
1.856405892391145562e-01
1.882080833487868865e-01
1.907793610373484106e-01
1.933540786891362329e-01
