3.583075128047615675e-07
7.166150256095033356e-07
1.074922538414339601e-06
1.433230051219086716e-06
1.791537564023874065e-06
2.149845077358058700e-06
2.508192724481480047e-06
2.870083341853615113e-06
3.284199649839336949e-06
3.988864126173673660e-06
5.501534118999838604e-06
8.287690273325600362e-06
1.245507378577497719e-05
1.787412932596981976e-05
2.438800110282359987e-05
3.191642371559288288e-05
4.046403484980859683e-05
5.008955860204054682e-05
5.057461543462778028e-05
5.848418335055785826e-05
6.922880145734506511e-05
8.185468730429482304e-05
9.627585572903556003e-05
1.126078335385903920e-04
1.309710858365245372e-04
1.514285955242104039e-04
1.739823588295614848e-04
1.985908009161359105e-04
2.251818564499676652e-04
2.536600677972106698e-04
2.839119694572069213e-04
3.158113417873329625e-04
3.492244941512379162e-04
3.840150988372163809e-04
4.200483858902863193e-04
4.571945238334637618e-04
4.953311700075211949e-04
5.343452388600640869e-04
5.741338532350000147e-04
6.146046008146191248e-04
6.556752765503786121e-04
6.972731957435902720e-04
7.393340987566283289e-04
7.818008305062920226e-04
8.246221052278328561e-04
8.677515681435436518e-04
9.111472020953603670e-04
9.547710261023345784e-04
9.985889978980475208e-04
1.042571085727419470e-03
1.086691446484936785e-03
1.130928166452958850e-03
1.175261941797330588e-03
1.219674506714368617e-03
1.264149396975431695e-03
1.308671004245311534e-03
1.353227637288714237e-03
1.397812677212896667e-03
1.442423815625069406e-03
1.487058266195776229e-03
1.531718162842406932e-03
1.576404543892343706e-03
1.621119103689488278e-03
1.665862863972442792e-03
1.710636429229684102e-03
1.755438082403050102e-03
1.800264871514587915e-03
1.845115630122805533e-03
1.889994334451524293e-03
1.934893259470283613e-03
1.979803388066363797e-03
2.024727037695143918e-03
2.069667714106814341e-03
2.114620363996029713e-03
2.159574605929886603e-03
2.204522335733872986e-03
2.249461578944806500e-03
2.294391206801468970e-03
2.339307041501271275e-03
2.384206912064475419e-03
2.429095790845321561e-03
2.473973323688637496e-03
2.518832108412354109e-03
2.563662669256654841e-03
2.608446090480217878e-03
2.653171696148213035e-03
2.697831314020966275e-03
2.742404661094313776e-03
2.786875118268246614e-03
2.831225563681938513e-03
2.875441791920636987e-03
2.919512405237534910e-03
2.963406853656787646e-03
3.007086436302788997e-03
3.050512909861421030e-03
3.093655798140015727e-03
3.136501231634677891e-03
3.179039757352012090e-03
3.221264675790321431e-03
3.263176573189117708e-03
