-1.905112623646482151e-16
-4.795832784718068176e-16
4.240450221862368529e-16
3.215201542505763399e-16
8.182202745204980587e-16
-1.081898242868972737e-15
-1.935551702909269617e-10
-4.602996941927266911e-08
-9.726098683143411493e-07
-6.397508012063676548e-06
-2.124236239607678149e-05
-5.000108255556881065e-05
-9.452013534694308139e-05
-1.486292390620498356e-04
-2.049064764646434892e-04
-2.719037147156762790e-04
-3.638940959202051242e-04
-4.876843805520088520e-04
-3.019735707713696801e-02
-4.255864141518628241e-02
-5.203525301979117224e-02
-6.147226416940586302e-02
-7.151797640331965245e-02
-8.218274471196466979e-02
-9.321711200638374550e-02
-1.043378564451038631e-01
-1.153354594943043071e-01
-1.260727509311288796e-01
-1.364573142037178166e-01
-1.464176066683727517e-01
-1.558723859317580340e-01
-1.647228894038503810e-01
-1.728833358700917200e-01
-1.803089353060355060e-01
-1.869976700145669912e-01
-1.929790868581540697e-01
-1.983005675395215772e-01
-2.030150582517283586e-01
-2.071740609506126374e-01
-2.108258376617282159e-01
-2.140155105661489254e-01
-2.167852978689656374e-01
-2.191749331460346173e-01
-2.212221555069953660e-01
-2.229628427306158955e-01
-2.244309988311361803e-01
-2.256584086726911853e-01
-2.266738302484391787e-01
-2.275017060305674910e-01
-2.281631022977817502e-01
-2.286848509088622861e-01
-2.290961182654769335e-01
-2.293913701462837740e-01
-2.295836965484304437e-01
-2.296811980227052019e-01
-2.296917823738436892e-01
-2.296253846283374256e-01
-2.294900539153928720e-01
-2.292905602021824696e-01
-2.290366886786754097e-01
-2.287828523153522253e-01
-2.285169325751138514e-01
-2.282475603781231044e-01
-2.279687417546977235e-01
-2.276716483193119145e-01
-2.273196966170694389e-01
-2.269206393287217516e-01
-2.264941071018993501e-01
-2.260833638188243788e-01
-2.256713878417040686e-01
-2.252346745810677175e-01
-2.247834624694992067e-01
-2.243033510706333444e-01
-2.237567372572064339e-01
-2.231327324548310898e-01
-2.224751564721861030e-01
-2.217882586141966816e-01
-2.210664623418668040e-01
-2.203405363506605597e-01
-2.196342328569766966e-01
-2.189514387592711442e-01
-2.182852590665621539e-01
-2.176336854576973734e-01
-2.169710120741556170e-01
-2.162822660408283693e-01
-2.155618330319841458e-01
-2.147940783221023164e-01
-2.139837993722845666e-01
-2.131247491891155588e-01
-2.122260508834993564e-01
-2.113204742889585597e-01
-2.103708885869396972e-01
-2.093050224175138085e-01
-2.080825994147434688e-01
-2.067469178013116027e-01
-2.053451706445854619e-01
-2.038731316771897895e-01
-2.023155536284816924e-01
-2.007181037828159043e-01
-1.991513128569641355e-01
