-1.644044305613890527e-04
-3.288088611227781054e-04
-4.932132916841671039e-04
-6.576177222455559940e-04
-8.220221516278329544e-04
-9.864243282276777443e-04
-1.150777240945092834e-03
-1.314833995880945912e-03
-1.478374816421436930e-03
-1.641312159826346841e-03
-1.803445127405715843e-03
-1.964643166788019885e-03
-2.125062390695653825e-03
-2.284891671380126239e-03
-2.444157829332751098e-03
-2.602818745722627544e-03
-2.760861898311121974e-03
-2.918241874819056409e-03
-3.074894454185403588e-03
-3.230798848433239466e-03
-3.385992895443067779e-03
-3.540550228250346088e-03
-3.704618733336973412e-03
-3.861534764507124073e-03
-4.016549981544273278e-03
-4.170866261040340889e-03
-4.324796061362231811e-03
-4.478445455660369848e-03
-4.631860351364366218e-03
-4.785066270288598073e-03
-4.938082193953835519e-03
-5.090924922468533995e-03
-5.243609417901686984e-03
-5.396148441530398097e-03
-5.548552827663620797e-03
-5.700832160720642819e-03
-5.852995308438426435e-03
-6.005050645158629269e-03
-6.157006051232132710e-03
-6.308868832440024492e-03
-6.460645717353573347e-03
-6.612343004449085758e-03
-6.763966791811272528e-03
-6.915523157802581575e-03
-7.067018215376880824e-03
-7.218458059352874691e-03
-7.369848665928224046e-03
-7.521195782061425653e-03
-7.672504821234253473e-03
-7.823780779964886745e-03
-7.975028185915989526e-03
-8.126251077746112633e-03
-8.277453008135928283e-03
-8.428637061281711584e-03
-8.579805883280604284e-03
-8.730961728860373722e-03
-8.882106524478624449e-03
-9.033241945590580677e-03
-9.184369503868998127e-03
-9.335490637557218932e-03
-9.486606798457834430e-03
-9.637719537315181384e-03
-9.788830585838764753e-03
-9.939941512701435875e-03
-1.009105314978457797e-02
-1.024216757426272759e-02
-1.039328819192502328e-02
-1.054441889129661102e-02
-1.069556219052580047e-02
-1.084671952583913211e-02
-1.099789443648456141e-02
-1.114909413508267250e-02
-1.130032259053916945e-02
-1.145157961538909031e-02
-1.160286856052177365e-02
-1.175419449707351856e-02
-1.190556573870672763e-02
-1.205699517900095386e-02
-1.220850227180965766e-02
-1.236010079033868746e-02
-1.251179249185159319e-02
-1.266357314381267446e-02
-1.281543951972919163e-02
-1.296738835322498035e-02
-1.311941315979155663e-02
-1.327150587266780028e-02
-1.342366679880792335e-02
-1.357590334535263045e-02
-1.372821640988704586e-02
-1.388060244225200468e-02
-1.403305975129842328e-02
-1.418558930300748387e-02
-1.433819268739434764e-02
-1.449086926289444577e-02
-1.464361248939622002e-02
-1.479641753063225783e-02
-1.494928923997645813e-02
-1.510223697957241776e-02
-1.525526318566987338e-02
-1.540835361772303728e-02
