-1.729675159611171464e-16
-6.955461868355522492e-16
-8.883241093670529720e-16
1.914196204972837267e-15
-1.087759033237614692e-14
-3.719610739533717181e-09
9.394903936427661346e-07
1.372855249015339382e-05
2.688380269427995437e-05
2.698078384379556471e-05
1.365468256026942863e-05
-1.723523398643301934e-05
-4.375919740821892091e-05
-6.427597074980511554e-05
-8.477040763375769800e-05
-1.009193592046161390e-04
-1.705068150897156762e-04
-3.683080976531447645e-04
-6.503124139296432779e-04
-8.919661357066156543e-04
-1.013179256823743598e-03
-1.006487460507502494e-03
6.517639335611451479e-01
7.906546809225066808e-01
8.691919251654179890e-01
9.333474726569911395e-01
9.900739622302440202e-01
1.041091341597939923e+00
1.087165893638447178e+00
1.128817239794684735e+00
1.166482186867124460e+00
1.200560151506247619e+00
1.231424065173234217e+00
1.259419894918808014e+00
1.284862177435526887e+00
1.308033601672961010e+00
1.329188131427616604e+00
1.348551984771302781e+00
1.366322632168648799e+00
1.382669900514067240e+00
1.397740422104224889e+00
1.411662591529664335e+00
1.424549873584146864e+00
1.436502733165962109e+00
1.447610016035489888e+00
1.457950348122893036e+00
1.467593673448433611e+00
1.476602756271353956e+00
1.485034470734599488e+00
1.492940574115311669e+00
1.500367900464930182e+00
1.507358340329557622e+00
1.513949003058356890e+00
1.520172730692516128e+00
1.526058864879398458e+00
1.531633996268652265e+00
1.536922470531928209e+00
1.541946575584375312e+00
1.546726486382771215e+00
1.551280054911595041e+00
1.555622341383603890e+00
1.559764942582276381e+00
1.563722289108216090e+00
1.567517897044425901e+00
1.571149685788424843e+00
1.574608716130087904e+00
1.577890723107651771e+00
1.581014316735243508e+00
1.584002136369426328e+00
1.586852434159423009e+00
1.589514741785051699e+00
1.592057271343144231e+00
1.594549958342903473e+00
1.596938005731658228e+00
1.599264026073838441e+00
1.601495946130199632e+00
1.603608527731863909e+00
1.605568557281760844e+00
1.607486826998030027e+00
1.609428953312581845e+00
1.611316620664661858e+00
1.613065046448042050e+00
1.614690807193364108e+00
1.616274987857776013e+00
1.617899284319400222e+00
1.619470940309815754e+00
1.620903413434181317e+00
1.622329083240311665e+00
1.623784991779974485e+00
1.625230684758101951e+00
1.626654507106841896e+00
1.628020955356235921e+00
1.629311513578532322e+00
1.630577724717835464e+00
1.631814481963370422e+00
1.632953254452573555e+00
1.633939706663148694e+00
1.634801931486287163e+00
1.635599518892657755e+00
1.636340290254858498e+00
