8.504847398227365574e+00
1.700969479645473825e+01
2.551450054155446523e+01
3.401773505264672792e+01
4.250381312179168702e+01
5.085433740556594984e+01
5.870873336943515142e+01
6.560427468435167953e+01
7.137354294450072700e+01
7.615033377373633527e+01
8.010589624346458493e+01
8.342910919984997520e+01
8.629882916041547958e+01
8.884403215390371145e+01
9.114624875022047945e+01
9.836691656834857156e+01
1.022847058974894736e+02
1.050923789136617046e+02
1.073684481816073486e+02
1.093281967902154292e+02
1.110738240811187296e+02
1.126630595178722416e+02
1.141326103752403753e+02
1.155077527108322499e+02
1.168068795372804516e+02
1.180439350620347767e+02
1.192298687633061007e+02
1.203735769279828105e+02
1.214825375289151452e+02
1.225632736802092495e+02
1.236217596511118728e+02
1.246639558404918091e+02
1.256966618891760135e+02
1.267291242528771136e+02
1.277738965281841246e+02
1.288473173689991995e+02
1.299689674747812376e+02
1.311527934359328640e+02
1.324013993404662415e+02
1.337090162587720101e+02
1.350595614639622966e+02
1.364279838823785838e+02
1.377983596713370389e+02
1.391736048075343888e+02
1.405592534121900314e+02
1.419529827104958883e+02
1.433489798794647925e+02
1.447426310738862014e+02
1.461318753001542348e+02
1.475183897296746522e+02
1.489022085849590553e+02
1.502845242716252017e+02
1.516692958068414896e+02
1.530599529778215526e+02
1.544612917253133730e+02
1.558796730670234183e+02
1.573196067094111754e+02
1.587849853715295865e+02
1.602797384179975495e+02
1.618085020785229915e+02
1.633786764016598738e+02
1.649969845823748642e+02
1.666701395218821915e+02
1.684072616146039252e+02
1.702160854917951838e+02
1.721051766280124866e+02
1.740806538943795090e+02
1.761449388484106748e+02
1.783009322370441510e+02
1.805510795492455713e+02
1.828931236688728461e+02
1.853234761748917379e+02
1.878415353141381559e+02
1.904506388890351332e+02
1.931591754885203898e+02
1.959748989275920223e+02
1.989014670709758832e+02
2.019426081109191387e+02
2.051045723471096949e+02
2.083971651033766079e+02
2.118349615012445781e+02
2.154321244303311857e+02
2.191996827817191900e+02
2.231470845519299928e+02
2.272815755610758970e+02
2.316066608886873155e+02
2.361242334791060387e+02
2.408360042527468181e+02
2.457432973359772461e+02
2.508454337401272767e+02
2.561385768435084174e+02
2.616173706424124248e+02
2.672730858344928606e+02
2.730937203481806250e+02
2.790653435889256571e+02
2.851794812309186682e+02
2.914315222369210119e+02
2.978151114695668298e+02
3.043205512398836277e+02
3.109381963860349174e+02
