1.260914335506332971e-04
2.521828671012666485e-04
3.782743006519000270e-04
5.043654562383535203e-04
6.304246047631233488e-04
7.562494537956389404e-04
8.817855781547980724e-04
1.007470954666609114e-03
1.133480640609715959e-03
1.259671350694320340e-03
1.385992842744127040e-03
1.512112180639227886e-03
1.639110239720741350e-03
1.766466189295895104e-03
1.894054724951909534e-03
2.021624088431630151e-03
2.148798556620679177e-03
2.275214082390486590e-03
2.400607909498755736e-03
2.524827110532424680e-03
2.647808625474794113e-03
2.769554870506039240e-03
2.890113371262441506e-03
3.009560146684635892e-03
3.127988637009792520e-03
3.245506740685546749e-03
3.362233102140707846e-03
3.478280161282882709e-03
3.593764552422347176e-03
3.708814239425180150e-03
3.823526752590433384e-03
3.937980883639678568e-03
4.052259401531717493e-03
4.166430245532966835e-03
4.280544218648478505e-03
4.394635532045890018e-03
4.508742408414200507e-03
4.622895298406403883e-03
4.737111396436045896e-03
4.851401597335732070e-03
4.965766742381208521e-03
5.080186642460073412e-03
5.194640135139725300e-03
5.309129394071530721e-03
5.423669722130208815e-03
5.538254652108345021e-03
5.652878712407619945e-03
5.767550282549888628e-03
5.882284812412433977e-03
5.997078587424282264e-03
6.111906265278663902e-03
6.226742115024641241e-03
6.341580962474222156e-03
6.456438557351194818e-03
6.571316214628372156e-03
6.686212703422501208e-03
6.801160205160279061e-03
6.916197208049498432e-03
7.031355154742264559e-03
7.146674533071260306e-03
7.262194424933456072e-03
7.377949774559646422e-03
7.493963000461147800e-03
7.610250079977852293e-03
7.726830522098794389e-03
7.843715329377668605e-03
7.960896632298885417e-03
8.078371400082834039e-03
8.196154562944993338e-03
8.314249198383194539e-03
8.432653373606413191e-03
8.551365184825739790e-03
8.670374158649388555e-03
8.789666778389420426e-03
8.909243214394168067e-03
9.029118197455728023e-03
9.149313282045726248e-03
9.269849107087798842e-03
9.390761378893568503e-03
9.512080934414296821e-03
9.633835195299577173e-03
9.756057008909685760e-03
9.878784479780827743e-03
1.000206335215730533e-02
1.012594463583025434e-02
1.025046846767645875e-02
1.037565921030137242e-02
1.050154820731682460e-02
1.062817968048038186e-02
1.075560864717631411e-02
1.088390173335015108e-02
1.101313725759906111e-02
1.114339867420296656e-02
1.127477895722602506e-02
1.140737499624012823e-02
1.154127061857870319e-02
1.167653982074707934e-02
1.181324565396855465e-02
1.195142391323037248e-02
1.209108499855329755e-02
