3.987571127933726696e-10
3.987571127933726696e-10
3.987571127933726696e-10
3.024952417187209559e-09
3.635043632899268745e-07
3.610127452043921216e-06
1.397651550140862748e-05
3.986559311278260037e-05
9.016815778756218547e-05
1.712277429494864700e-04
2.922112961161109183e-04
4.161514353030019444e-04
6.179119472858891210e-04
9.002796102380057749e-04
1.279331717762690951e-03
1.776314341718477708e-03
2.408511505895494665e-03
3.183538832040309127e-03
4.099754200759161624e-03
5.149462331674770597e-03
6.322102175533187395e-03
7.606387013087716718e-03
8.991451209876700351e-03
1.046736260879108094e-02
1.202522164010893027e-02
1.365709367131794430e-02
1.535600714387425937e-02
1.711568095844138299e-02
1.893043837847088046e-02
2.079552455702394706e-02
2.270664587493631537e-02
2.465974568305639991e-02
2.665124293597446667e-02
2.867796661611355866e-02
3.073706998927101114e-02
3.282579668755931240e-02
3.494171590771899538e-02
3.708269787687732549e-02
3.924663184389017706e-02
4.143154325500179869e-02
4.363580486481666992e-02
4.585794324515676812e-02
4.809665236550604572e-02
5.035080201923715360e-02
5.261940512445423268e-02
5.490142928065081668e-02
5.719599468105892454e-02
5.950245509979775610e-02
6.182019681815562051e-02
6.414858483508931175e-02
6.648693645967414245e-02
6.883473575791758392e-02
7.119138053515652875e-02
7.355596648638114410e-02
7.592779928820383994e-02
7.830651907524455169e-02
8.069184328074784085e-02
8.308364606467104341e-02
8.548165234628610221e-02
8.788556973908200065e-02
9.029496267220471495e-02
9.270929348911345624e-02
9.512822183464950121e-02
9.755146810366727150e-02
9.997848912947204791e-02
1.024088767037348302e-01
1.048423284349345730e-01
1.072785651275066227e-01
1.097173531535500096e-01
1.121584450953235501e-01
1.146015482292049303e-01
1.170462643833254518e-01
1.194922614000168276e-01
1.219391824884671210e-01
1.243865476168147244e-01
1.268337935195967547e-01
1.292805831520385529e-01
1.317268349624071133e-01
1.341722476285182875e-01
1.366164097855727677e-01
1.390588818358104994e-01
1.414991495585371795e-01
1.439365867629780193e-01
1.463703886650424002e-01
1.487997940335243907e-01
1.512241583564280512e-01
1.536427454585240215e-01
1.560547134143459302e-01
1.584589977311170739e-01
1.608543872571756572e-01
1.632394827999607279e-01
1.656125929553058374e-01
1.679718272771625609e-01
1.703151763825377640e-01
1.726408818985177007e-01
1.749478757382458005e-01
1.772357190543047689e-01
1.795044080626086169e-01
1.817544004779849953e-01
1.839864530860834402e-01
